1392 8484
1 2 10
1 3 4
1 8 6
1 76 7
1 123 10
1 651 9
1 935 1
1 150 5
1 855 6
1 430 6
1 411 2
1 657 1
1 633 5
1 131 10
1 828 10
1 1327 5
2 5 7
2 13 10
2 73 7
2 524 5
2 521 7
2 1371 2
2 1058 6
2 1300 1
2 1050 3
2 1079 8
2 364 7
3 4 9
3 7 5
3 9 2
3 145 2
3 206 7
3 355 6
3 367 2
3 384 8
3 425 1
3 1246 8
3 253 6
3 235 1
3 1071 1
3 106 7
3 1113 5
3 142 6
3 364 9
3 224 3
3 213 9
3 238 10
3 1352 2
4 10 4
4 18 9
4 24 10
4 49 6
4 137 5
4 188 6
4 411 1
4 1286 4
4 62 4
4 108 1
4 1314 1
4 1178 5
4 366 5
4 1310 10
4 299 5
4 1042 9
4 1093 7
4 307 4
4 532 10
4 265 8
4 1010 9
4 740 1
4 538 9
5 6 3
5 17 4
5 80 6
5 122 7
5 194 3
5 281 6
5 373 6
5 575 3
5 70 10
5 827 1
5 338 5
5 1311 2
5 509 8
5 114 3
5 707 3
5 1238 9
5 313 8
5 884 5
5 989 6
5 156 2
5 459 9
6 23 3
6 31 6
6 61 4
6 114 6
6 741 7
6 1264 10
6 472 10
6 1322 4
6 64 1
6 559 3
6 922 6
6 219 5
6 1021 2
6 1218 7
7 11 7
7 222 1
7 321 7
7 351 8
7 633 5
7 801 9
7 796 7
7 1209 8
7 741 4
7 110 5
7 1057 7
7 582 3
7 266 6
7 185 2
7 588 6
7 450 2
8 297 5
8 534 2
8 785 9
8 1210 6
8 83 7
8 1298 2
8 64 9
8 44 8
8 506 9
8 659 3
8 1041 2
9 12 5
9 14 3
9 15 9
9 20 4
9 22 2
9 45 9
9 162 3
9 391 10
9 1033 10
9 829 8
9 210 6
9 23 10
9 597 1
9 178 1
9 858 7
9 1326 5
9 676 7
9 961 2
10 40 2
10 57 7
10 256 3
10 262 7
10 291 10
10 424 6
10 1127 3
10 125 8
10 298 9
10 426 7
10 251 2
10 1361 6
10 839 4
10 717 4
10 1294 2
10 1313 1
11 41 2
11 110 2
11 126 2
11 185 1
11 210 5
11 1145 5
11 156 1
11 13 2
11 1269 2
11 228 4
12 19 2
12 58 10
12 259 7
12 414 9
12 436 6
12 830 4
12 109 1
12 567 2
12 798 9
12 235 9
12 1371 5
12 775 7
12 243 4
12 185 6
12 979 8
12 1241 5
13 16 8
13 25 4
13 43 7
13 276 8
13 376 1
13 409 2
13 1167 2
13 1173 9
13 923 8
13 244 6
13 982 1
13 158 10
14 37 4
14 82 2
14 98 6
14 1195 6
14 1212 3
14 1117 2
14 1273 1
14 1027 4
14 599 9
14 244 5
14 361 8
14 223 5
14 651 6
14 869 3
14 414 7
14 626 4
14 526 2
14 213 7
15 26 3
15 30 2
15 946 1
15 1255 4
15 1042 1
15 301 3
15 263 1
15 636 2
15 772 4
15 609 2
15 740 7
15 754 9
15 924 5
15 1373 8
16 34 4
16 44 6
16 46 5
16 186 7
16 1372 10
16 1291 3
16 381 5
16 704 10
16 1302 8
16 1077 7
16 686 2
16 209 6
17 501 7
17 368 4
17 1365 9
17 865 4
17 812 3
17 906 10
17 79 7
17 1176 8
17 607 10
17 1181 2
17 1311 10
17 1265 6
17 1229 10
18 86 2
18 87 6
18 93 8
18 866 10
18 970 8
18 401 1
18 333 3
18 1015 9
18 272 3
18 1153 5
18 789 9
18 1139 5
18 1062 5
19 70 7
19 108 5
19 201 7
19 647 4
19 915 3
19 911 7
19 425 9
19 1199 7
19 798 4
19 707 9
19 1040 3
19 968 2
20 21 3
20 27 1
20 32 2
20 54 6
20 56 6
20 221 4
20 284 10
20 328 8
20 553 5
20 1268 3
20 1238 9
20 560 6
20 672 8
20 1386 6
20 620 5
20 22 1
20 738 8
20 781 2
21 28 4
21 35 5
21 53 4
21 107 4
21 151 7
21 455 2
21 693 5
21 185 8
21 137 8
21 492 10
21 508 7
21 1341 2
22 68 7
22 133 5
22 184 10
22 208 4
22 365 4
22 846 5
22 1084 5
22 1049 4
22 643 10
22 1274 8
22 831 5
22 910 2
22 866 2
23 63 9
23 106 6
23 116 5
23 305 4
23 833 8
23 1300 8
23 506 2
23 610 10
23 1060 8
23 820 2
23 766 10
23 637 10
23 203 2
23 418 3
23 30 6
23 1178 2
24 29 1
24 118 7
24 177 2
24 263 10
24 939 2
24 1027 8
24 1064 7
24 593 10
24 563 1
24 1267 8
25 39 4
25 47 5
25 48 5
25 55 1
25 452 1
25 458 4
25 1250 10
25 908 5
25 1384 1
25 669 2
25 1268 9
25 276 2
25 951 2
25 635 5
26 454 6
26 841 1
26 1003 8
26 681 10
26 1344 1
26 428 10
26 392 9
26 1322 10
26 298 4
26 1336 2
26 886 9
27 62 5
27 228 1
27 231 3
27 452 5
27 536 2
27 961 3
27 719 3
27 1234 1
27 343 1
27 851 10
27 525 7
27 463 7
27 362 4
28 74 4
28 150 9
28 207 10
28 249 6
28 280 7
28 504 9
28 689 7
28 842 10
28 1219 9
28 941 1
28 784 7
28 1372 10
28 330 8
28 1127 5
28 1211 8
28 42 7
29 33 10
29 265 3
29 385 10
29 1295 4
29 959 7
29 1292 1
29 1030 6
29 236 7
29 495 5
29 1071 2
29 1142 3
29 1391 7
29 958 7
29 84 9
29 853 7
29 102 7
29 244 9
30 38 3
30 77 5
30 111 6
30 1107 1
30 352 3
30 836 6
30 1123 9
30 1088 8
30 659 4
30 579 7
30 153 7
30 341 8
31 42 2
31 67 1
31 99 1
31 117 2
31 165 3
31 843 5
31 930 8
31 540 4
31 516 2
31 325 1
31 311 8
32 181 3
32 631 6
32 716 3
32 1135 8
32 358 9
32 1222 9
32 912 1
32 1179 7
32 1012 8
32 518 4
32 1369 8
32 481 10
32 1232 5
32 715 9
32 1356 7
32 144 5
32 233 8
32 818 10
33 36 9
33 89 1
33 90 10
33 155 5
33 1070 1
33 50 7
33 1272 8
33 689 4
33 514 1
33 476 4
33 1119 7
33 707 1
33 77 6
34 51 3
34 66 3
34 410 7
34 539 9
34 994 5
34 249 4
34 320 9
34 456 4
34 778 6
35 50 3
35 104 7
35 109 9
35 614 6
35 667 6
35 1131 10
35 1107 6
35 1379 2
35 582 2
35 271 2
35 87 2
35 1078 6
35 1007 10
35 1043 8
35 474 1
35 778 4
36 134 4
36 332 1
36 478 3
36 1031 4
36 214 6
36 329 5
36 682 3
36 168 3
36 933 5
36 1356 3
36 913 10
36 734 1
36 251 2
36 1213 7
36 642 5
36 549 8
36 823 3
37 60 5
37 81 4
37 132 3
37 1284 5
37 444 4
37 1076 7
37 1197 9
37 1376 5
37 951 3
37 400 7
37 1326 2
37 873 8
37 893 7
37 1298 10
38 88 8
38 138 9
38 235 7
38 1253 2
38 81 5
38 115 2
38 1042 10
38 915 5
38 285 6
38 1062 9
38 252 4
38 187 3
38 468 6
38 604 5
38 1028 10
38 230 8
38 1112 10
38 991 3
38 929 6
38 988 3
39 78 8
39 445 4
39 638 4
39 138 1
39 1195 3
39 922 9
39 183 1
39 1282 1
39 764 1
39 1016 5
40 85 5
40 139 10
40 446 9
40 462 9
40 74 4
40 608 5
40 706 10
40 1035 8
40 526 6
40 1087 10
40 699 4
40 1213 8
41 95 3
41 101 8
41 108 9
41 1363 3
41 646 7
41 1015 4
41 235 9
41 738 3
41 889 1
41 306 4
41 937 10
41 985 1
42 547 4
42 1302 1
42 274 8
42 91 7
42 86 7
42 1132 2
42 198 8
42 528 9
42 834 1
42 1130 10
42 757 4
42 468 7
42 366 5
42 1366 6
42 1103 3
43 52 10
43 153 8
43 219 6
43 220 6
43 314 3
43 389 3
43 904 3
43 128 3
43 131 8
43 1338 9
43 723 3
43 621 6
43 465 1
43 563 4
44 120 3
44 557 4
44 743 4
44 586 7
44 301 2
44 542 7
44 1330 1
44 1156 9
44 827 5
44 276 9
44 930 1
44 1003 9
45 79 10
45 402 9
45 400 1
45 856 6
45 1013 5
45 899 7
45 73 6
45 311 9
45 1376 8
45 1368 4
46 154 8
46 326 8
46 540 8
46 727 3
46 1024 7
46 693 8
46 747 7
46 1164 9
46 819 6
46 915 10
46 1178 4
46 89 8
46 1033 4
46 333 3
46 554 4
46 1307 2
46 1236 1
47 75 1
47 392 9
47 824 7
47 1183 8
47 840 5
47 966 4
47 1124 5
47 897 7
47 847 10
47 222 9
47 50 10
47 1101 5
48 103 6
48 191 4
48 302 8
48 372 9
48 432 4
48 317 5
48 727 7
48 472 3
48 205 10
48 1358 7
48 1321 6
48 408 6
48 482 3
48 415 6
49 121 7
49 161 6
49 250 9
49 379 5
49 310 10
49 1243 8
49 1340 1
49 1124 4
49 76 3
49 1278 2
49 1269 8
49 1184 6
49 287 1
49 846 10
49 866 5
49 445 5
50 300 2
50 812 10
50 1349 7
50 570 6
51 92 3
51 112 6
51 368 4
51 484 10
51 157 2
51 872 5
51 323 5
51 852 3
51 1328 7
51 1154 3
51 1354 4
51 380 3
51 1274 8
52 274 5
52 352 9
52 888 9
52 1062 8
52 673 5
52 253 8
52 795 3
52 852 7
52 1339 3
52 1272 2
52 756 3
52 233 9
52 264 8
52 408 3
53 640 6
53 752 9
53 75 10
53 381 2
53 837 6
53 1193 1
53 1167 10
53 625 3
53 252 1
54 144 7
54 160 2
54 269 4
54 87 6
54 1047 9
54 599 6
54 562 5
54 665 10
54 772 8
54 813 5
54 957 7
54 1084 2
55 83 5
55 734 9
55 1291 1
55 1136 1
55 557 6
55 221 8
55 351 4
55 670 3
55 255 2
55 455 6
56 205 6
56 531 8
56 350 10
56 349 1
56 1163 6
56 1388 5
56 1096 9
56 357 8
56 452 6
56 627 3
56 726 3
56 1049 4
56 736 5
56 702 1
56 989 6
57 1068 6
57 128 7
57 420 7
57 361 4
57 636 9
57 607 3
57 590 2
58 59 3
58 65 7
58 146 7
58 176 8
58 241 10
58 578 5
58 597 5
58 1242 8
58 1268 3
58 638 8
58 160 10
58 619 8
58 128 3
58 941 5
58 108 3
58 145 6
58 521 7
58 1373 7
58 1018 1
58 312 9
59 64 10
59 72 9
59 441 10
59 528 8
59 1356 1
59 1144 2
59 824 9
59 950 1
59 427 10
59 913 6
59 702 2
59 837 7
60 97 5
60 573 10
60 787 10
60 348 1
60 207 2
60 368 1
60 1210 2
60 833 8
60 917 5
60 825 2
60 155 4
60 138 7
60 372 7
60 480 9
61 69 5
61 748 6
61 1182 10
61 85 7
61 563 9
61 654 3
61 781 8
61 697 3
61 1076 8
61 393 5
62 96 6
62 141 9
62 311 4
62 1016 4
62 1248 1
62 214 1
62 278 8
62 770 7
62 397 3
62 405 10
62 711 10
62 625 1
62 756 1
62 1050 6
62 1158 1
62 1256 7
62 435 1
62 155 8
62 1283 7
62 701 5
62 1299 3
63 127 10
63 431 2
63 1095 8
63 74 8
63 322 4
63 779 7
63 1015 5
63 88 8
63 816 7
63 1026 5
63 1379 8
63 669 1
63 702 2
64 152 2
64 413 7
64 679 9
64 605 8
64 1183 5
64 356 2
64 1367 4
64 1132 9
64 1307 9
64 601 5
64 632 1
64 971 4
64 1177 10
64 921 2
64 627 4
64 340 3
64 596 1
64 194 10
64 472 6
64 80 1
65 229 7
65 612 10
65 673 8
65 310 6
65 371 2
65 203 8
65 304 3
65 457 7
65 1331 7
65 682 2
65 1109 6
65 747 5
65 366 9
65 731 10
65 879 1
65 802 2
66 1164 6
66 137 7
66 855 2
66 731 10
66 680 2
66 755 7
66 278 6
66 964 9
66 637 8
66 481 5
67 852 2
67 895 7
67 1081 10
67 783 4
67 948 2
67 354 1
67 463 7
67 537 9
68 669 1
68 1171 5
68 195 4
68 1313 7
68 343 8
68 307 6
68 576 2
69 275 10
69 1015 5
69 426 2
69 870 2
69 350 6
69 1317 5
69 279 1
69 1256 7
70 71 5
70 124 8
70 267 3
70 308 7
70 572 7
70 978 1
70 148 6
70 1195 2
70 181 1
70 561 1
70 1156 1
70 784 1
70 462 9
70 1297 7
70 566 8
70 497 8
70 257 4
70 634 7
70 565 2
70 339 2
70 880 8
70 856 1
71 148 6
71 199 1
71 200 6
71 214 1
71 680 9
71 758 8
71 1264 9
71 345 10
71 1068 10
71 643 6
71 143 3
71 579 2
71 1306 3
71 320 3
71 161 8
71 659 4
71 342 8
71 1289 9
72 84 5
72 147 7
72 260 4
72 1177 7
72 270 8
72 226 1
72 103 8
72 1026 10
72 829 9
72 570 8
72 986 7
72 912 2
72 791 10
72 1117 6
72 228 5
72 607 4
73 566 7
73 751 2
73 1121 2
73 729 2
73 1254 6
73 402 4
73 1323 5
73 261 3
73 1305 4
73 655 2
74 192 6
74 378 2
74 464 8
74 509 5
74 181 4
74 257 5
74 348 9
74 1060 8
74 1150 7
74 1199 5
74 528 4
74 745 8
74 783 6
74 141 3
75 130 7
75 420 9
75 454 5
75 702 4
75 1023 7
75 874 6
75 1253 7
75 891 4
75 845 6
75 1021 6
75 971 5
76 1048 7
76 1299 10
76 111 1
76 851 1
76 270 7
76 602 6
76 1012 3
76 482 2
76 124 10
77 94 3
77 113 5
77 1254 4
77 1004 4
77 1072 4
77 670 5
77 1287 7
77 137 4
77 1096 10
78 344 6
78 898 8
78 900 2
78 667 3
78 417 9
78 90 6
78 718 5
78 311 8
78 634 1
79 232 4
79 470 5
79 789 1
79 1219 6
79 590 6
79 209 8
79 344 7
79 555 7
79 597 3
79 1245 6
79 1202 4
79 1112 4
79 751 10
79 1386 2
79 614 7
80 115 4
80 213 1
80 1121 2
80 401 7
80 738 2
80 842 4
80 798 9
80 1198 9
80 363 6
81 473 3
81 1014 6
81 904 2
81 940 5
81 376 9
81 275 5
81 848 3
81 1340 1
81 1264 4
82 91 5
82 226 1
82 782 5
82 899 9
82 695 10
82 809 7
82 1186 7
82 1142 3
82 1067 3
83 1297 7
83 118 4
83 205 2
83 487 4
84 258 8
84 369 6
84 703 7
84 908 10
84 1016 9
84 722 10
84 917 2
84 983 3
84 763 10
84 1288 3
84 731 8
84 363 9
84 1355 4
84 1297 9
85 293 6
85 858 9
85 202 10
85 1049 10
85 1262 6
85 1379 6
85 1115 1
85 797 5
85 774 9
85 793 3
85 918 6
85 599 4
86 100 3
86 143 7
86 159 8
86 1299 10
86 1319 3
86 796 7
86 343 4
86 277 9
86 402 4
86 452 5
86 615 8
86 533 7
87 140 1
87 714 4
87 1135 9
87 1162 3
87 849 2
87 614 3
87 180 7
87 799 10
88 102 2
88 105 5
88 386 5
88 373 6
88 1169 6
88 1197 1
88 1324 4
88 349 9
88 1294 2
88 899 6
88 716 2
88 820 10
88 904 2
88 336 8
88 227 1
89 357 1
89 700 2
89 146 6
89 1323 1
89 410 5
89 1339 7
89 1343 9
89 100 7
89 864 6
89 447 7
89 825 2
89 164 2
89 381 9
89 1235 6
89 395 9
89 1068 1
90 182 6
90 773 8
90 997 9
90 386 2
90 790 2
90 1056 2
90 700 2
90 705 7
91 119 1
91 170 10
91 770 9
91 590 9
91 1148 8
91 646 1
91 504 3
91 1209 2
91 1160 8
91 1328 6
91 1251 1
91 461 9
91 510 6
91 1052 1
92 236 3
92 489 5
92 307 2
92 1236 5
92 773 4
92 666 3
92 145 4
92 823 5
93 717 7
93 1107 2
93 1270 4
93 900 9
93 543 10
93 963 4
93 652 6
94 183 8
94 789 3
94 1378 3
94 420 1
94 276 5
94 721 5
94 946 8
94 374 8
94 301 6
94 433 1
94 177 6
94 896 8
94 1057 1
95 255 8
95 768 3
95 164 7
95 1016 1
95 958 1
95 1003 9
96 669 1
96 733 9
96 425 7
96 578 1
96 370 7
96 300 1
96 996 7
96 1270 10
96 581 9
96 642 1
96 1187 5
96 438 4
96 1285 3
97 914 4
97 354 7
97 1013 6
97 965 10
97 330 5
97 804 4
97 352 2
98 129 6
98 346 6
98 475 6
98 847 9
98 334 8
98 555 6
98 741 5
98 273 10
98 800 5
98 110 6
98 601 5
98 269 10
98 1216 9
98 866 9
98 466 3
99 142 2
99 437 3
99 951 9
99 1264 5
99 1211 2
99 803 9
99 900 2
99 265 6
99 1253 4
99 738 2
99 111 7
99 451 9
99 1141 5
99 234 8
100 131 3
100 286 3
100 681 6
100 1283 5
100 404 1
100 1078 1
100 1378 7
100 1023 3
100 1365 3
100 110 1
100 1220 10
100 1210 4
100 1277 2
100 138 2
100 1090 7
100 298 8
101 166 7
101 215 5
101 289 1
101 791 8
101 809 8
101 1032 6
101 1274 4
101 590 9
101 700 8
101 546 1
101 582 8
101 557 10
101 211 3
101 1289 4
101 633 3
102 419 6
102 807 10
102 1355 9
102 408 3
102 688 7
102 1292 1
102 726 10
102 202 5
102 528 6
102 326 1
102 780 4
102 372 10
103 169 2
103 172 5
103 247 9
103 413 2
103 388 1
103 1234 6
103 213 1
103 1271 5
103 295 3
103 159 5
103 1134 4
103 1161 5
104 546 3
104 654 1
104 494 1
104 1295 3
104 147 1
104 842 6
104 333 10
104 895 6
104 922 10
104 397 10
104 944 10
104 1056 4
105 136 5
105 202 5
105 238 5
105 1260 10
105 814 1
105 1297 1
105 1001 1
105 125 8
105 1230 4
105 783 1
105 606 1
105 1272 2
105 911 5
105 1374 3
105 1371 2
105 456 3
105 600 6
106 1021 3
106 1387 5
106 1108 1
106 710 9
106 1068 1
106 783 3
106 1056 9
106 973 9
106 378 6
106 248 4
106 1100 10
106 407 5
107 1243 7
107 1259 4
107 981 5
107 404 9
107 1270 8
107 1365 6
107 327 3
107 1202 8
107 1119 1
108 149 6
108 1088 3
108 925 4
108 710 7
108 1151 4
108 1340 9
108 1235 7
108 653 2
108 468 7
109 195 10
109 203 8
109 839 1
109 527 10
109 1057 8
109 1322 2
109 353 6
109 131 3
109 947 6
109 168 6
109 827 1
110 253 9
110 418 6
110 423 9
110 855 8
110 1069 9
110 824 8
110 1126 2
110 554 10
110 882 7
110 385 7
110 1037 9
110 167 6
110 766 9
110 378 10
110 678 5
111 424 1
111 1238 2
111 1311 8
111 1368 5
111 474 7
111 538 6
112 125 2
112 270 4
112 272 10
112 329 3
112 1381 4
112 414 5
112 312 7
112 466 9
112 1050 1
112 308 2
112 116 5
112 1068 8
112 704 10
113 135 6
113 1238 2
113 1105 5
113 197 6
113 424 9
113 1249 4
113 993 3
113 586 10
113 310 5
113 447 10
114 341 7
114 1320 4
114 440 9
114 232 9
114 1172 8
114 1079 10
114 1250 4
114 937 1
114 1045 10
114 197 3
114 186 1
114 733 8
114 166 7
115 171 10
115 187 10
115 261 7
115 401 10
115 846 5
115 158 6
115 1123 8
115 1223 9
115 1241 10
115 1370 1
115 555 7
115 1040 10
115 325 2
116 163 2
116 699 9
116 1077 10
116 867 3
116 1015 2
116 880 10
116 1120 1
117 415 8
117 469 9
117 841 8
117 602 4
117 197 3
117 517 2
117 1059 4
117 442 9
117 998 8
117 978 5
118 248 4
118 712 3
118 431 9
118 1351 6
118 820 4
118 382 3
118 1261 3
118 221 2
118 1247 6
118 225 5
118 1363 3
119 157 1
119 189 9
119 381 8
119 752 1
119 786 7
119 1256 1
119 696 3
119 1147 1
119 993 9
119 554 3
119 837 2
119 787 10
119 254 1
119 643 6
119 235 7
120 322 7
120 611 5
120 985 3
120 945 9
120 789 3
120 842 8
120 502 10
120 1006 8
120 1369 6
120 1142 6
120 1027 8
120 898 10
120 987 10
120 1272 10
120 245 4
120 774 4
121 296 4
121 1180 10
121 340 2
121 606 2
121 923 8
121 678 7
122 264 3
122 382 1
122 1186 5
122 937 8
122 446 10
122 742 1
122 1339 10
122 1058 9
122 1045 4
122 1064 2
122 854 7
122 931 10
123 933 1
123 1137 10
123 1000 2
123 1343 3
123 521 9
123 578 10
123 1145 9
123 1327 1
124 128 1
124 233 4
124 243 10
124 652 9
124 1278 10
124 197 7
124 813 3
124 1191 5
124 1349 6
124 745 1
124 357 2
124 1319 9
124 770 5
124 649 4
124 372 2
124 367 7
125 296 1
125 1361 10
125 418 1
125 612 2
125 1115 4
125 746 1
126 1138 5
126 254 1
126 1267 2
126 802 1
126 669 2
126 1021 2
126 947 2
126 965 10
126 1144 2
126 1278 4
126 677 6
126 1229 1
127 175 2
127 336 5
127 433 3
127 682 6
127 1255 4
127 327 2
127 1322 3
127 440 9
127 171 1
127 1360 10
127 437 1
127 1304 9
127 219 8
127 418 9
128 324 2
128 882 10
128 1298 3
128 997 2
128 1022 4
128 605 5
128 830 6
128 270 7
128 188 3
128 555 10
128 477 6
128 1274 8
128 721 6
129 1276 10
129 1128 6
129 364 10
129 708 5
129 307 6
129 586 1
130 217 2
130 1365 10
130 927 3
130 1216 1
130 417 2
130 316 9
131 204 4
131 209 10
131 366 10
131 180 2
131 995 2
131 497 1
131 582 1
131 422 8
131 684 9
131 1382 4
131 1051 4
131 514 4
131 727 9
131 704 10
131 878 4
131 323 10
131 625 10
132 1003 7
132 1077 3
132 354 7
132 1274 1
132 879 5
132 795 10
133 179 6
133 193 9
133 552 6
133 670 4
133 774 8
133 929 5
133 1364 8
133 1073 4
133 238 9
133 291 4
133 509 1
133 663 6
133 518 5
133 746 6
133 893 3
133 1355 5
133 315 4
133 231 1
134 1085 9
134 953 2
134 326 7
134 537 5
134 1364 9
134 1122 6
135 844 3
135 1001 8
135 1387 9
135 161 7
135 541 8
135 314 6
135 279 7
135 863 2
136 156 6
136 379 6
136 228 7
136 696 4
136 425 6
136 1107 10
136 570 8
136 596 5
136 974 4
136 1389 9
136 244 10
137 325 1
137 660 3
137 355 5
137 1115 8
137 988 2
137 545 6
138 1366 4
138 894 6
138 649 7
138 1114 8
138 207 4
138 463 10
138 526 5
138 293 3
138 1139 5
138 302 9
138 159 9
139 383 5
139 713 9
139 143 8
139 171 4
139 850 1
139 1139 7
139 501 2
139 1349 1
139 269 10
139 1299 3
139 997 7
140 164 4
140 282 10
140 306 4
140 327 8
140 696 2
140 1100 3
140 860 9
140 655 3
140 638 6
140 152 9
140 234 2
141 178 7
141 180 2
141 720 9
141 486 1
141 743 1
141 1314 1
141 603 2
141 736 4
141 727 9
141 812 6
141 749 4
141 1024 7
141 554 3
141 280 6
141 899 4
141 1236 5
141 813 4
142 316 8
142 581 4
142 1114 8
142 1003 4
142 1118 4
142 155 5
142 194 10
142 551 2
142 480 8
142 619 7
142 533 10
142 1360 10
142 846 1
142 691 1
142 240 1
142 990 7
142 438 6
143 174 7
143 196 9
143 257 8
143 430 1
143 815 7
143 1358 1
143 637 6
143 414 1
143 660 6
143 670 7
143 325 5
143 846 8
143 248 7
143 521 5
144 343 8
144 1129 10
144 823 1
144 381 4
144 633 5
144 974 8
144 1217 4
144 887 8
144 227 6
144 775 7
144 782 8
144 1288 2
144 1134 5
144 941 3
145 224 10
145 307 6
145 417 5
145 645 6
145 1359 3
145 1073 3
145 852 9
145 692 6
145 738 9
145 1011 1
145 1079 5
145 362 2
145 1275 8
145 1071 9
146 934 1
146 159 5
146 441 9
146 1026 8
146 184 5
146 252 3
146 1165 5
146 284 8
146 185 2
146 1236 6
146 1248 8
146 1346 7
146 1145 4
146 1383 1
146 438 4
146 340 6
146 935 9
147 1197 3
147 1274 3
147 1018 5
147 305 9
147 285 1
147 586 8
147 770 7
147 1057 1
147 663 4
147 998 1
147 756 9
147 346 4
147 1296 10
147 1321 5
148 271 7
148 348 5
148 1252 3
148 639 7
148 657 3
148 1248 9
148 665 6
148 907 6
148 259 9
149 197 8
149 371 10
149 451 8
149 1218 1
149 712 1
149 670 9
149 526 3
149 979 10
149 1061 9
150 167 9
150 590 6
150 1073 2
150 296 2
150 1294 7
150 699 2
150 741 7
150 682 5
150 276 6
150 1005 10
151 211 4
151 468 4
151 873 8
151 258 6
151 549 7
151 792 6
151 571 9
151 1286 9
151 726 9
151 1163 1
152 158 6
152 173 6
152 390 6
152 788 7
152 321 10
152 489 5
152 875 1
152 672 1
152 538 1
152 664 6
152 886 1
152 897 9
153 1014 2
153 592 5
153 910 5
153 219 9
153 1356 9
153 480 9
153 821 7
153 290 5
153 1100 4
154 403 8
154 501 4
154 1284 1
154 609 9
154 328 2
154 864 5
154 1359 2
154 983 7
154 699 8
154 926 2
155 323 3
155 464 9
155 432 7
155 726 9
155 396 7
155 297 9
155 1369 9
155 1222 6
155 788 8
155 635 2
155 252 2
155 1208 5
155 1020 3
155 539 5
155 445 4
155 1086 8
155 1139 5
156 350 7
156 1101 6
156 236 8
156 221 8
156 590 7
156 571 8
156 683 3
156 732 3
157 234 3
157 1217 10
157 1158 7
157 198 5
157 1341 5
157 916 6
157 322 10
157 1348 10
158 709 2
158 1165 6
158 1113 9
158 1005 7
158 1122 3
158 1385 6
158 1125 8
158 644 7
159 225 4
159 239 8
159 392 6
159 591 10
159 1097 4
159 1147 7
159 1161 2
159 1070 8
159 569 1
159 927 1
159 655 5
160 951 10
160 495 8
160 289 5
160 1345 6
160 1202 3
160 973 5
160 1246 9
160 751 8
160 642 9
160 452 9
160 1190 5
160 844 7
161 218 8
161 334 5
161 514 8
161 672 9
161 1082 8
161 293 5
161 600 3
162 292 9
162 359 8
162 449 5
162 490 2
162 578 7
162 1077 6
162 1099 6
162 927 2
162 806 10
162 589 1
162 512 1
162 767 10
162 848 6
162 919 1
162 639 10
162 1365 5
163 347 8
163 505 10
163 410 4
163 424 6
163 374 6
163 1371 3
163 1002 8
163 1327 8
163 962 4
164 168 4
164 245 9
164 1348 5
164 889 1
164 1278 3
164 229 8
164 721 7
164 333 9
164 473 5
164 661 3
164 594 6
164 315 4
165 393 1
165 949 4
165 955 2
165 416 9
165 600 1
165 174 6
165 769 5
165 1224 4
165 359 6
165 844 6
166 1275 3
166 242 9
166 444 4
166 339 7
166 970 2
166 693 10
167 630 4
167 237 7
167 509 3
167 1071 1
167 359 6
167 714 4
167 982 7
168 509 1
168 452 5
168 460 3
168 1148 2
168 1289 1
168 343 8
169 627 4
169 696 7
169 1176 6
169 769 1
169 698 2
169 548 7
169 1094 7
169 573 7
169 947 2
169 572 5
169 531 3
169 502 9
170 190 3
170 483 1
170 1281 1
170 1187 1
170 1050 3
170 466 2
170 793 2
170 708 7
170 1084 9
170 786 10
171 242 6
171 848 9
171 282 1
171 635 7
171 414 1
171 230 5
171 313 4
171 452 2
171 808 10
171 1378 1
171 804 2
171 527 8
171 1241 3
172 360 10
172 408 6
172 524 2
172 948 2
172 778 3
172 1079 2
172 703 8
172 579 7
172 447 5
172 1226 6
172 992 6
172 482 5
172 964 9
173 304 10
173 613 1
173 692 7
173 763 10
173 430 7
173 629 2
173 1346 6
173 309 9
173 453 4
173 320 9
173 836 7
173 1201 3
173 1233 8
173 434 3
173 351 6
174 338 7
174 456 1
174 1231 9
174 625 4
174 694 8
174 1391 8
174 352 7
174 1146 8
175 198 3
175 875 2
175 1084 6
175 476 7
175 913 4
175 263 6
175 1089 6
175 328 8
175 645 6
176 313 10
176 659 5
176 1101 1
176 1304 10
176 516 8
176 483 4
176 327 1
176 183 9
176 465 10
177 294 6
177 301 6
177 813 3
177 1204 3
177 671 2
177 591 7
177 579 10
177 1061 5
177 783 4
177 616 8
177 215 2
177 1213 8
177 543 6
177 693 7
178 254 5
178 268 5
178 442 9
178 1010 1
178 1245 7
178 1292 10
178 629 6
178 1107 10
178 350 3
178 409 1
178 1334 5
178 663 8
179 333 2
179 1289 4
179 438 3
179 885 7
179 563 10
179 726 3
179 367 4
179 647 5
179 1307 6
179 942 8
180 242 1
180 1029 1
180 406 8
180 952 4
180 720 7
180 867 4
180 470 9
180 1214 2
180 1316 2
181 279 5
181 466 2
181 920 6
181 824 10
181 1213 5
181 1246 1
181 1317 9
181 458 5
181 615 1
181 689 7
181 1137 7
181 716 4
182 252 4
182 429 8
182 333 5
182 232 10
182 1206 10
182 875 10
182 918 4
182 1228 7
182 822 1
182 861 6
183 394 9
183 1023 7
183 247 10
183 776 2
183 1104 10
183 798 7
183 1128 8
183 922 4
183 737 8
183 1183 7
183 345 6
184 428 3
184 594 9
184 723 8
184 1289 6
184 777 3
185 380 10
185 722 1
185 1009 6
185 1199 4
185 378 2
185 1158 7
185 822 1
185 892 9
185 854 5
185 502 6
186 471 10
186 1069 9
186 1007 6
186 568 10
186 826 6
186 929 7
186 1284 4
186 937 8
186 1182 7
186 473 8
186 477 3
187 1355 10
187 1313 2
187 888 1
187 872 10
187 1054 10
187 697 1
187 1095 5
187 275 4
187 925 4
187 1040 3
188 273 6
188 319 9
188 361 6
188 609 6
188 1110 1
188 546 8
188 279 6
188 368 3
188 853 2
188 1344 10
188 766 8
188 1085 9
188 249 8
188 992 7
188 363 8
188 665 4
188 1302 1
188 959 1
189 237 2
189 903 1
189 651 4
189 1198 1
189 1350 2
189 959 4
189 1322 2
189 310 1
189 756 2
189 757 9
190 862 10
190 1042 5
190 834 2
190 501 2
190 476 10
190 760 6
190 222 5
190 941 10
190 522 10
190 1212 3
190 847 1
191 1320 8
191 658 10
191 1328 4
191 719 1
191 733 6
191 819 4
191 767 2
191 703 9
191 1240 5
192 203 8
192 320 7
192 349 2
192 374 8
192 472 7
192 697 4
192 1061 2
192 1234 2
192 273 1
192 1211 7
192 602 4
192 1145 9
192 1100 4
192 1010 4
192 1009 6
192 664 4
192 1232 3
192 719 7
192 659 2
193 230 6
193 1067 10
193 1044 8
193 471 3
193 1360 5
193 1146 6
193 1231 4
193 491 10
193 1363 4
193 677 6
193 774 5
194 216 10
194 1387 10
194 984 2
194 634 8
194 258 1
194 444 3
194 470 2
194 1208 9
195 706 3
195 364 9
195 422 7
195 1351 8
195 233 4
195 556 9
195 860 7
195 374 6
195 1081 5
195 360 2
196 227 1
196 619 10
196 536 8
196 1284 1
196 643 10
196 944 6
197 212 9
197 653 7
197 729 4
197 706 6
197 847 9
197 905 5
197 1195 7
197 523 6
197 310 6
197 809 1
197 308 5
197 537 6
197 536 4
197 337 10
197 388 7
198 358 4
198 476 5
198 237 7
198 930 8
198 473 2
198 709 10
198 543 8
198 1100 2
198 1221 6
199 560 4
199 898 6
199 1366 10
199 220 2
199 297 5
199 1007 9
199 390 3
199 522 3
199 210 5
199 1275 4
199 931 3
199 971 4
199 1329 6
200 330 7
200 392 9
200 742 7
200 762 5
200 239 6
200 1012 1
200 731 2
200 1018 7
200 1271 4
200 624 10
200 713 8
200 1314 10
200 879 8
200 583 7
200 508 8
201 363 2
201 1005 9
201 1177 2
201 440 3
201 1102 1
201 284 2
201 1258 8
201 437 5
201 864 4
201 1348 7
201 449 7
201 399 3
201 448 6
202 1047 3
202 1161 4
202 1321 3
202 1206 8
202 689 5
202 1128 7
202 596 2
202 973 6
202 1315 7
202 350 5
202 1042 7
202 1198 6
202 814 4
203 422 8
203 637 10
203 605 8
203 1200 2
203 676 1
203 285 9
203 697 3
203 1360 1
204 512 3
204 596 7
204 697 6
204 603 5
204 239 8
204 378 10
205 821 1
205 910 4
205 891 3
205 518 10
205 1005 6
205 1073 1
205 1203 8
206 819 10
206 968 7
206 316 3
206 1114 3
206 905 4
206 246 4
206 1219 1
206 530 8
207 244 3
207 317 8
207 754 3
207 1244 9
207 247 10
207 1153 10
207 842 6
207 759 10
207 708 6
207 1166 8
208 398 4
208 845 3
208 454 1
208 241 5
208 1048 3
208 739 1
208 863 4
208 913 3
208 268 3
208 717 6
208 537 2
208 1282 7
209 800 9
209 1305 9
209 1315 9
209 680 6
209 627 1
209 1292 1
209 1264 5
209 966 4
209 598 2
209 1266 2
209 1064 7
209 906 6
209 1138 10
209 1082 1
210 283 1
210 309 1
210 453 8
210 543 7
210 623 7
210 926 2
210 1209 2
210 746 3
210 857 1
210 579 1
210 261 5
210 945 2
210 1199 1
210 223 1
210 232 8
210 755 6
210 789 3
211 405 2
211 598 3
211 952 2
211 480 5
211 1295 7
211 379 9
211 1214 9
211 1297 6
211 701 7
211 1066 9
212 223 8
212 1030 7
212 473 4
212 367 9
212 1383 7
212 994 9
212 1232 8
212 360 8
213 387 9
213 1272 3
213 1019 3
213 733 1
213 1102 1
213 1320 2
213 1104 7
213 729 4
214 507 5
214 1175 5
214 580 9
214 367 2
214 577 6
214 1328 9
214 429 8
214 799 1
214 771 2
214 234 5
214 912 10
214 474 3
214 1204 10
214 451 7
215 482 1
215 1285 2
215 760 7
215 1019 1
215 932 5
215 1135 2
216 310 4
216 519 5
216 266 3
216 438 10
216 1288 7
216 338 9
216 1008 9
216 1284 10
216 804 4
216 291 7
217 513 7
217 669 2
217 715 8
217 1180 2
217 580 8
217 860 8
217 357 4
217 1175 10
217 1349 2
217 1359 9
217 742 2
217 588 3
217 1302 4
218 246 8
218 1142 7
218 1173 10
218 247 7
218 979 9
218 951 5
219 857 5
219 922 6
219 949 2
219 946 8
219 1343 2
219 1176 8
219 670 9
219 300 1
219 509 10
220 278 5
220 331 1
220 879 8
220 918 7
220 974 9
220 861 4
220 955 8
220 938 6
220 898 5
220 753 7
220 1298 7
220 778 6
221 482 4
221 1266 5
221 914 9
221 1012 1
221 966 9
222 650 4
222 349 4
222 763 1
222 920 3
222 906 8
222 894 9
222 461 10
222 874 3
223 907 4
223 1011 4
223 495 8
223 975 5
223 522 1
223 333 5
223 278 1
223 823 8
223 1048 6
223 434 5
223 446 2
223 1367 4
223 716 3
224 426 1
224 863 9
224 1190 3
224 670 5
224 330 1
224 338 4
224 568 9
224 977 5
224 1081 5
224 267 7
224 1064 4
224 651 7
224 384 4
224 611 5
224 744 2
225 596 1
225 379 8
225 768 2
225 840 4
225 1082 1
226 541 8
226 617 8
226 997 9
226 652 7
226 1387 9
226 1160 9
226 1016 6
226 507 1
226 764 2
227 240 5
227 1133 2
227 1308 2
227 874 3
227 554 9
227 795 2
227 584 6
227 283 9
227 750 6
227 400 7
227 1313 6
227 1127 4
227 998 7
227 886 8
227 264 2
227 559 4
227 670 10
227 1373 7
228 397 5
228 412 1
228 877 8
228 469 6
228 266 2
228 605 7
228 648 8
228 280 9
228 323 5
228 452 7
228 1173 8
228 340 5
228 1226 8
229 488 3
229 650 5
229 1352 10
229 380 6
229 835 1
229 1389 3
229 551 9
230 266 2
230 378 8
230 625 5
230 907 5
230 1201 5
230 797 4
230 781 9
231 804 2
231 730 9
231 1244 10
231 1336 9
231 930 4
231 1254 8
231 970 4
231 1368 8
231 1349 2
232 1054 1
232 1191 2
232 613 8
232 886 4
232 885 5
232 329 10
232 982 9
232 282 7
232 367 6
232 773 2
232 1091 9
232 400 3
232 1232 9
232 310 1
232 648 9
232 1041 10
232 854 2
232 376 1
232 1367 4
233 364 2
233 399 9
233 628 10
233 1224 4
233 1177 4
233 351 10
233 1213 1
233 1179 8
233 956 5
233 669 3
233 1135 1
233 868 9
233 320 8
233 1198 4
233 1229 10
234 303 6
234 1238 6
234 733 2
234 686 4
234 768 1
234 765 5
234 525 9
234 572 2
234 1319 10
234 743 3
234 1158 7
234 1347 2
234 779 3
234 621 8
235 917 3
235 1200 4
235 402 8
235 542 5
235 971 5
235 1314 5
235 593 6
235 514 3
235 426 2
235 319 1
235 643 8
236 665 8
236 710 4
236 787 1
236 1330 6
236 1339 2
236 1071 4
236 498 4
236 332 8
236 527 9
236 1247 10
236 1312 4
236 1232 10
236 624 3
237 345 5
237 733 6
237 723 5
237 380 2
237 595 2
237 479 8
237 379 8
237 875 4
237 880 6
237 989 6
237 466 2
237 639 5
238 588 9
238 781 5
238 823 5
238 820 5
238 819 2
238 342 6
239 396 1
239 765 8
239 544 9
239 473 7
239 871 5
239 319 2
239 857 1
239 924 6
239 712 6
240 740 7
240 956 7
240 1348 5
240 278 9
240 430 2
240 638 4
240 823 8
240 1281 7
240 1323 6
240 1127 7
240 589 2
240 970 7
241 1325 1
241 437 7
241 696 5
241 596 2
241 1221 1
241 1188 7
241 504 1
241 1217 8
241 1244 1
241 381 4
241 1330 6
241 1231 1
241 983 6
241 901 2
241 1349 3
241 1200 10
242 959 7
242 1035 10
242 347 1
242 463 4
242 1006 8
242 487 2
242 995 1
242 663 7
242 920 1
243 868 7
243 1336 4
243 965 10
243 353 10
243 483 2
243 394 5
243 1339 3
243 804 7
243 1055 5
243 1088 3
244 513 10
244 288 3
244 1293 2
244 1177 5
244 1126 7
244 917 7
244 1100 8
244 1257 9
244 572 1
244 1204 8
244 903 6
244 1025 2
245 545 5
245 707 1
245 719 4
245 1199 7
245 367 2
245 562 4
245 408 4
245 583 7
245 703 1
245 958 5
245 824 5
245 1147 8
245 503 8
246 777 4
246 1143 5
246 496 7
246 547 4
246 931 7
246 980 2
246 886 9
246 1141 9
246 348 10
246 928 3
246 416 7
246 586 8
246 739 3
247 312 4
247 714 7
247 711 4
247 1192 8
247 1232 7
247 1134 3
247 554 8
247 1256 4
247 1070 5
247 1000 9
248 444 6
248 829 1
248 799 9
248 266 9
248 438 5
248 773 4
248 333 7
248 1159 3
248 602 1
248 1241 2
248 580 3
248 953 4
248 1229 4
249 251 3
249 295 9
249 324 6
249 508 3
249 494 7
249 825 6
250 1069 10
250 337 10
250 1204 5
250 921 9
250 799 2
250 1308 7
250 990 7
250 398 5
251 335 1
251 932 10
251 984 3
251 435 5
251 953 5
251 444 5
251 977 7
251 536 10
251 696 3
251 1225 5
251 502 1
251 887 10
251 1059 5
251 1347 6
252 881 4
252 566 2
252 723 2
252 1196 9
252 1228 9
252 418 3
252 1027 7
252 1288 5
252 1109 6
253 388 1
253 368 5
253 768 1
253 811 5
253 855 5
253 1258 6
253 1270 10
253 483 7
254 839 3
254 295 6
254 526 9
254 284 6
254 1340 6
254 510 8
254 1243 5
254 1209 5
254 854 6
254 872 3
254 677 9
254 435 10
255 315 9
255 942 10
255 966 3
255 803 8
255 261 1
255 819 5
255 885 1
255 1269 4
255 1179 5
256 299 7
256 448 9
256 1360 8
256 415 2
256 786 4
256 1353 2
256 796 6
256 798 9
256 634 3
256 1007 7
256 1368 4
256 643 8
256 1290 10
257 400 7
257 1124 5
257 617 6
257 1264 10
257 950 9
258 1250 1
258 1342 3
258 1307 3
259 277 9
259 298 4
259 434 1
259 684 3
259 1122 10
259 650 10
259 1334 2
259 1351 10
259 1363 8
259 459 5
259 437 2
259 424 1
259 370 5
259 1006 7
260 1303 3
260 614 3
260 282 10
260 915 10
260 983 9
260 1013 7
260 1129 7
260 532 8
260 488 9
260 972 7
260 1140 4
261 507 6
261 1000 3
261 1314 1
262 288 5
262 1256 7
262 575 8
262 401 9
262 909 3
262 953 5
262 1076 1
262 864 8
262 1038 6
262 604 1
262 686 3
263 375 5
263 749 1
263 696 6
263 503 7
263 902 4
263 1034 4
263 565 1
263 1345 2
263 1042 2
264 395 9
264 732 3
264 1131 8
264 587 1
264 569 2
264 525 1
264 303 1
264 332 9
264 1159 4
264 825 2
264 1201 7
265 285 5
265 974 7
265 288 5
265 697 5
265 1099 9
265 769 8
265 1256 1
265 463 6
265 454 5
266 1179 6
266 1183 4
266 510 9
266 434 4
266 711 5
266 912 7
266 1241 8
266 590 7
266 1082 7
266 1155 4
266 1023 10
266 716 3
267 491 7
267 765 8
267 983 6
267 288 6
267 1220 2
267 374 6
267 1090 2
268 792 10
268 1276 1
268 1062 5
268 696 6
268 648 7
268 1241 6
268 685 5
268 640 6
268 1362 2
268 1097 7
269 377 1
269 642 6
269 690 8
269 1253 8
269 297 10
269 379 2
269 544 5
269 1291 10
269 1144 7
269 922 2
270 1102 2
270 1008 3
270 464 10
270 1363 9
270 286 8
270 895 5
270 318 3
271 835 1
271 1258 6
271 575 1
271 688 9
271 597 3
271 589 5
271 1276 1
271 419 10
271 1092 9
271 1079 10
272 340 6
272 912 6
272 938 7
272 726 1
272 296 3
272 853 6
272 1124 5
273 287 8
273 726 4
273 280 2
273 505 7
273 619 6
273 891 3
273 1246 3
273 1297 1
273 1317 5
273 500 1
273 410 3
273 918 8
274 687 2
274 736 10
274 1215 9
274 1359 7
274 1275 8
274 1001 7
274 682 10
274 1173 10
275 498 9
275 838 10
275 392 3
275 977 7
275 705 6
275 721 6
276 1046 1
276 396 3
276 357 10
276 699 1
276 1026 7
276 1115 1
276 543 2
276 695 7
276 991 5
276 370 10
277 783 6
277 630 7
277 1246 9
277 936 7
277 1256 7
277 315 7
277 920 2
277 1228 5
277 753 4
278 421 10
278 744 1
278 521 1
278 1009 6
278 286 7
278 854 10
278 891 4
278 1117 1
278 1159 10
278 397 10
279 290 4
279 615 10
279 837 10
279 1219 4
279 1357 5
279 380 9
279 868 1
279 1315 4
279 357 4
279 326 2
279 1235 6
280 428 10
280 494 4
280 1036 3
280 1286 3
280 1355 3
280 1357 5
280 476 5
280 1042 2
280 978 7
280 1318 2
280 890 3
281 892 4
281 1354 5
281 663 8
281 1237 4
281 803 3
282 850 3
282 1063 5
282 1244 10
282 1282 4
282 594 6
282 691 2
282 359 10
282 959 3
282 327 5
283 362 3
283 715 7
283 1336 5
283 1316 6
283 1119 8
283 760 7
283 657 9
283 1226 9
283 655 9
283 789 9
284 404 4
284 533 4
284 1227 7
284 609 8
284 706 9
284 687 6
284 1051 8
284 1154 5
284 1040 7
284 1249 3
284 956 1
284 344 4
284 388 5
285 478 4
285 1307 6
285 1311 6
285 1336 3
285 762 8
285 609 4
285 342 1
285 1101 5
286 652 5
286 725 7
286 754 6
286 644 10
286 1235 4
286 810 1
286 839 1
286 310 2
286 1249 7
287 493 1
287 496 5
287 596 8
287 1118 7
287 1072 8
287 1113 6
287 690 8
288 664 1
288 490 8
288 1320 7
288 1171 8
288 429 7
288 430 3
288 1231 9
288 857 2
289 318 7
289 593 1
289 602 4
290 1304 6
290 1183 10
290 626 6
290 907 9
290 494 7
290 1329 9
290 1139 9
290 1141 4
291 354 2
291 567 6
291 577 5
291 817 3
291 1198 8
291 1184 3
291 1370 8
291 481 7
291 880 5
291 708 3
292 941 9
292 1030 5
292 630 8
292 868 3
292 694 5
292 426 9
292 627 2
292 948 10
292 1130 7
292 1282 2
292 914 2
292 863 9
292 1129 4
293 592 10
293 969 7
293 470 6
293 599 10
293 422 10
293 1141 6
293 630 3
294 767 5
294 874 1
294 1004 5
294 297 9
294 1178 5
294 756 9
294 660 7
294 811 10
294 1162 2
295 749 6
295 660 6
295 760 9
295 1370 4
295 860 7
295 956 4
295 346 6
295 975 4
295 1186 5
295 1220 10
295 994 3
296 1385 5
296 560 6
296 502 9
296 1346 10
296 1069 7
296 1086 1
296 954 9
296 956 4
296 729 2
296 439 7
296 1016 9
296 1363 7
296 370 3
297 402 10
297 1126 4
297 830 2
297 486 7
297 762 2
297 872 9
297 1379 10
297 955 8
298 334 3
298 356 9
298 1132 10
298 1337 10
298 825 1
298 1055 3
298 562 10
298 316 3
298 395 4
299 1045 1
299 1180 9
299 345 2
299 985 9
299 1268 6
299 473 10
299 386 5
299 1223 3
299 923 3
300 824 5
300 308 9
300 429 3
300 932 3
300 1204 1
300 883 10
300 806 1
300 937 7
300 918 4
300 996 7
301 356 5
301 827 7
301 848 7
301 1145 10
301 447 9
301 858 2
301 961 9
301 599 10
301 1022 8
301 525 6
301 1082 9
301 1187 4
301 783 10
301 1090 5
301 545 9
302 474 4
302 709 10
302 895 2
302 1343 6
302 814 2
302 977 5
302 938 6
302 946 6
302 1348 2
302 1293 4
302 327 10
302 1248 1
303 447 3
303 621 4
303 1035 3
303 1201 9
303 692 7
303 304 4
303 1135 2
303 1178 4
303 373 8
303 1052 9
303 411 2
303 499 2
303 472 8
303 891 8
304 625 9
304 1102 1
304 536 2
304 1010 1
304 1080 4
304 466 2
304 400 7
304 608 6
304 1332 9
304 759 4
304 1086 3
305 1203 4
305 1318 3
305 517 1
305 830 9
305 999 9
305 496 3
305 338 4
305 550 2
305 1146 6
305 919 3
305 539 4
305 961 4
306 485 4
306 609 4
306 703 3
306 1093 6
306 1314 8
306 1158 10
306 857 2
306 714 10
306 1330 6
306 739 7
306 571 10
307 506 9
307 1113 2
307 1080 10
307 443 5
307 355 9
307 1118 7
307 469 7
307 804 10
307 756 5
307 820 2
307 911 6
307 971 8
308 411 6
308 823 6
308 644 3
308 695 6
308 316 8
308 851 7
308 1151 10
308 632 10
308 1279 3
308 351 7
309 568 10
309 1339 2
309 684 5
309 1026 3
309 860 5
309 1055 3
309 478 7
309 724 7
309 810 8
309 691 6
309 1116 2
309 770 6
309 521 1
309 608 5
309 507 9
310 591 9
310 626 3
310 848 2
310 681 2
310 1315 3
310 869 8
310 799 1
311 394 2
311 467 6
311 518 8
311 582 3
311 1117 2
311 737 3
311 1382 1
311 615 2
311 386 7
311 838 6
311 1111 5
311 990 7
311 382 3
311 1032 3
311 447 3
312 877 3
312 802 4
312 1348 5
312 1003 8
312 1138 5
312 445 5
312 902 5
312 1083 10
312 894 7
312 1352 7
312 439 3
312 836 9
312 1179 1
313 788 2
313 1357 3
313 527 10
313 320 10
313 871 9
313 977 6
313 875 1
314 1123 1
314 1307 10
314 969 2
314 1381 5
314 1012 10
314 333 9
314 568 3
314 832 7
314 490 9
315 657 8
315 761 5
315 1264 6
315 499 5
315 1314 3
315 638 8
315 822 1
315 1305 5
315 812 2
316 795 6
316 955 10
316 1065 3
316 492 10
316 966 1
316 1381 7
316 897 9
316 1224 6
316 782 5
316 793 5
316 422 7
316 559 8
316 610 5
316 1274 8
317 688 1
317 661 7
317 1230 9
317 1240 4
318 632 9
318 1226 1
318 1383 10
318 600 6
318 366 6
318 656 3
318 1099 9
318 1062 10
318 1080 7
319 1380 1
319 718 6
319 603 4
319 938 1
319 1314 4
319 806 9
319 1108 4
319 627 2
319 777 9
319 1298 7
319 504 5
319 791 1
319 764 7
320 497 1
320 426 3
320 1349 6
321 353 10
321 511 9
321 535 1
321 983 10
321 1070 3
321 349 6
321 1156 9
321 367 10
321 1046 9
321 352 10
321 451 6
322 337 8
322 559 10
322 867 4
322 657 4
322 413 9
322 950 5
322 1026 6
322 984 4
322 589 6
322 781 4
322 1268 6
322 464 1
323 712 1
323 446 6
323 352 3
323 345 8
323 1368 6
323 414 8
323 642 2
323 1077 7
323 742 3
323 992 7
324 1223 6
324 947 4
324 1188 10
324 704 9
324 937 4
324 840 7
324 683 1
324 646 1
324 743 2
324 1025 5
325 565 7
325 1385 10
325 831 9
325 1366 2
325 1133 6
325 788 5
325 1292 7
325 374 5
325 1045 1
325 1262 9
325 438 9
325 999 1
325 912 2
325 465 9
326 1338 9
326 336 5
326 988 8
326 595 2
326 1358 4
326 1329 5
326 1100 4
326 1213 6
326 375 7
326 1249 2
326 790 2
326 1366 2
326 1043 8
327 600 6
327 1148 9
327 588 3
327 758 3
327 632 6
327 894 8
327 1327 7
328 685 9
328 761 5
328 524 6
328 796 9
328 1224 5
328 1385 5
328 401 2
328 514 7
328 766 6
328 420 2
328 780 8
328 604 1
328 427 7
329 339 10
329 342 5
329 481 9
329 603 8
329 980 5
329 1386 10
329 356 10
329 737 7
329 769 1
329 916 6
329 542 7
329 1229 3
329 1376 3
329 1054 4
329 668 2
329 865 3
329 917 9
330 439 5
330 486 10
330 738 3
330 860 1
330 921 2
330 805 9
330 654 2
330 741 5
330 1268 2
330 355 1
331 443 9
331 595 1
331 759 8
331 349 3
331 744 10
331 1096 3
331 613 9
331 969 3
332 678 6
332 1118 6
332 1225 3
332 1300 2
332 795 9
332 755 5
333 538 3
333 718 4
333 727 10
333 1009 7
333 1058 9
333 455 7
333 634 7
333 719 1
333 709 3
333 739 2
334 563 4
334 344 1
334 1391 2
334 1051 7
334 1079 9
334 765 5
334 1188 7
334 516 5
334 424 7
334 951 8
335 883 10
335 1211 5
335 508 8
335 1307 9
335 607 8
335 1379 2
335 965 1
335 1350 8
335 595 3
335 1076 9
336 886 10
336 623 7
336 908 6
336 1290 2
336 909 10
336 440 3
337 549 10
337 1210 9
337 568 5
337 487 6
337 995 2
337 1299 10
338 344 3
338 466 3
338 924 4
338 823 7
338 378 3
338 1271 2
339 463 2
339 773 4
339 460 8
339 1188 10
339 845 3
339 1078 1
339 691 3
339 559 4
339 476 3
339 450 5
339 401 4
339 418 9
339 675 3
339 1282 5
340 537 9
340 1340 9
340 1275 10
340 1260 4
340 1323 2
340 1177 2
340 407 10
340 1338 1
340 572 4
341 1260 9
341 871 5
341 662 4
341 929 8
341 988 1
342 603 3
342 385 7
342 481 3
342 1162 5
342 535 7
342 1217 2
343 378 1
343 406 8
343 599 8
343 380 8
343 1372 2
343 1274 10
343 591 1
343 736 5
344 1010 2
344 1372 3
344 616 8
344 785 4
345 579 2
345 649 1
345 1235 9
345 531 10
345 1364 1
345 496 5
345 1282 2
345 1067 3
345 1390 2
345 527 3
345 366 5
345 1155 9
345 877 8
345 632 6
346 438 8
346 747 1
346 1175 8
346 1367 3
346 813 5
346 360 7
346 741 1
346 914 1
346 609 3
347 427 1
347 385 4
347 655 6
347 877 3
347 1294 3
347 569 6
347 450 10
348 585 6
348 1075 3
348 1126 3
348 1363 6
348 926 6
348 1233 5
348 990 3
348 1242 10
348 1328 2
348 965 3
348 638 1
348 1022 6
349 571 1
349 745 6
349 1291 5
349 851 6
349 510 1
349 421 8
349 1362 1
349 399 2
349 1215 6
349 971 5
349 580 7
350 457 6
350 1093 10
350 987 5
350 1275 1
350 928 4
350 1357 9
350 985 5
350 1133 3
350 844 3
351 499 10
351 812 5
351 1106 8
351 832 3
351 555 8
351 1136 7
351 416 10
352 637 2
352 742 5
353 1029 8
353 444 7
353 795 4
353 709 1
353 842 4
353 980 8
353 929 10
353 868 7
354 763 1
354 614 5
354 1075 9
354 1139 5
354 1323 10
354 1026 4
354 542 7
354 1350 10
354 754 6
355 896 6
355 1039 10
355 695 10
355 560 3
355 460 9
355 520 9
355 557 1
355 1019 10
355 747 4
355 1347 7
356 871 1
356 788 9
356 1132 9
356 1020 6
356 809 9
356 820 6
356 712 7
356 391 7
356 964 10
356 1387 4
357 993 8
357 599 2
357 1251 8
357 505 3
357 1152 4
357 635 4
357 1314 7
358 407 2
358 766 8
358 950 2
358 1053 2
358 1229 1
358 1299 5
358 837 1
358 1171 2
358 363 5
358 1275 9
358 834 10
358 710 2
358 1134 1
359 816 7
359 1307 3
359 1069 8
359 481 9
359 1076 9
359 755 2
359 1127 2
359 1250 2
359 1157 8
360 532 2
360 1219 6
360 956 8
360 772 5
360 641 8
360 568 7
361 638 9
361 496 3
361 831 8
361 1104 3
361 1095 1
361 1246 6
361 1147 5
361 543 2
362 607 10
362 995 9
362 796 1
362 1205 5
362 1308 8
362 802 10
362 1004 3
362 1161 2
363 720 9
363 581 3
363 1250 3
363 623 9
363 528 3
363 1061 5
363 440 4
363 910 9
363 1282 9
364 1154 10
364 944 7
364 1245 6
364 1159 4
364 583 9
364 1370 2
364 994 7
364 888 4
365 451 8
365 976 5
365 824 5
365 1079 3
365 923 9
365 418 9
365 455 10
366 370 8
366 396 7
366 1277 9
366 411 1
366 720 5
366 498 4
366 788 6
366 555 10
366 1206 5
366 1109 5
366 671 7
367 670 10
367 1266 8
367 952 3
367 1055 7
367 1288 4
367 493 10
367 1191 7
368 1020 1
368 621 5
368 529 1
368 1165 9
368 1373 3
368 653 3
368 1168 8
368 805 4
368 544 2
368 1239 2
368 777 6
369 1264 8
369 1034 1
369 781 8
369 596 3
369 382 9
369 485 7
369 519 9
370 704 3
370 562 7
371 856 2
371 1031 8
371 1164 10
371 1248 2
371 863 5
371 1156 1
371 1152 2
371 1191 10
371 401 1
371 1069 10
371 482 7
372 656 6
372 1378 9
372 569 2
372 858 6
372 1248 1
372 677 8
372 498 4
372 1371 5
372 1277 3
372 949 4
373 609 4
373 584 6
373 1252 6
373 889 9
373 1224 1
373 612 9
373 887 4
373 1083 3
373 1337 8
374 601 7
374 587 4
374 659 1
374 935 8
374 1263 3
374 491 10
374 1303 4
374 773 10
375 508 6
375 530 8
375 1129 1
375 961 7
375 737 8
375 1059 5
375 1036 6
375 911 2
375 807 7
375 1270 6
376 492 4
376 1377 6
376 664 10
376 1314 10
376 1277 5
376 1246 5
376 948 3
376 899 7
376 771 5
376 1255 8
376 606 1
377 940 8
377 1191 3
377 1206 8
377 898 9
377 847 3
377 750 5
377 710 2
377 1038 9
377 1170 7
377 1373 3
377 1320 1
378 881 6
378 483 2
378 398 10
378 638 6
378 524 1
378 721 4
379 818 10
379 1104 4
379 1024 4
379 1240 7
379 880 9
379 1355 4
379 803 9
380 1167 3
380 1313 10
380 1323 5
380 1264 9
380 581 9
380 638 5
380 987 8
380 1082 6
380 856 1
380 732 9
380 1079 5
380 989 9
381 435 4
381 671 9
381 834 3
381 983 8
381 943 8
381 788 9
381 428 8
381 937 10
381 1339 4
381 1102 10
381 783 5
381 518 8
381 1189 9
382 409 10
382 555 1
382 1238 7
382 402 5
382 554 1
382 1146 1
383 624 9
383 1144 5
383 919 7
383 528 6
383 1038 10
383 720 7
383 909 7
384 1387 8
384 414 7
384 824 7
384 874 5
384 1377 10
384 601 4
384 1347 10
384 1173 2
385 510 10
385 630 3
385 1337 10
385 478 10
385 523 1
385 731 1
385 930 3
385 782 7
385 708 8
386 519 10
386 542 7
386 776 6
386 1035 3
386 906 4
386 702 4
386 913 3
387 647 7
387 1170 6
387 454 3
387 518 6
387 773 10
387 1284 7
387 1117 9
387 898 6
387 730 4
388 601 9
388 1065 7
388 1202 1
388 813 8
388 1024 9
388 404 8
388 818 9
388 1232 3
388 428 5
389 594 6
389 870 3
389 638 6
389 479 4
389 611 4
389 499 3
389 745 6
389 789 9
390 807 3
390 1071 5
390 1310 3
390 846 7
390 477 2
390 551 3
390 1367 4
390 794 9
390 1164 1
391 779 8
391 887 4
391 1180 5
391 1015 6
391 927 10
391 1175 2
391 1315 10
391 916 5
391 527 8
391 531 2
392 831 8
392 484 7
392 659 1
392 824 1
392 1038 9
392 1023 8
392 1131 1
393 1194 5
393 945 10
393 1032 2
393 636 9
393 1198 5
393 1353 6
393 395 9
393 1331 4
394 504 2
394 716 9
394 558 6
394 875 10
394 474 7
394 452 7
394 1307 4
394 670 1
394 909 3
394 1332 7
395 824 9
395 570 10
395 707 1
395 941 6
395 768 8
396 902 1
396 1249 2
396 1339 2
396 476 10
396 651 6
396 1039 1
396 1327 5
396 1262 5
397 554 1
397 796 10
397 538 10
397 1280 10
397 825 7
397 788 8
398 594 4
398 615 2
398 865 3
398 1273 1
398 1281 3
398 1378 1
398 831 8
398 744 10
399 479 2
399 648 1
399 1038 1
399 1162 2
399 1231 10
399 582 2
399 705 10
399 605 2
399 1120 9
400 622 8
400 1164 3
400 1171 3
400 749 9
400 1014 5
401 616 6
401 814 1
401 571 2
401 707 9
401 1034 5
401 801 3
401 1147 3
401 1200 6
401 512 7
402 416 3
402 956 9
402 1032 9
402 1119 2
402 863 5
402 836 7
403 683 8
403 912 9
403 837 3
403 1326 3
403 707 5
403 939 9
403 468 6
403 892 5
404 1392 8
404 596 3
404 1304 2
404 509 3
404 898 9
404 696 9
405 517 9
405 936 10
405 619 7
405 1008 8
406 536 6
406 913 5
406 1249 6
406 478 8
406 1271 1
406 689 8
406 1185 6
406 615 10
406 980 7
406 892 4
406 849 5
406 1321 3
406 1236 6
406 512 10
407 450 5
407 732 5
407 922 4
407 627 5
407 414 7
407 1327 9
407 791 2
407 1353 2
407 907 2
407 1102 4
408 490 1
408 621 10
408 1323 6
408 1050 4
408 733 2
408 1134 6
408 1283 6
408 574 8
408 807 2
408 1094 8
408 965 1
408 1377 4
409 1152 1
409 1288 6
409 1111 3
409 457 5
409 1222 7
409 637 7
409 1275 4
409 971 6
409 1369 10
410 1267 1
410 829 7
410 723 6
410 766 9
410 928 10
410 606 10
410 1020 10
410 475 7
410 1308 2
410 585 8
411 798 8
411 1291 9
411 1153 3
411 1167 8
411 943 2
411 1181 3
411 527 5
411 1198 9
411 766 1
411 440 10
412 1358 6
412 1345 5
412 1140 3
412 751 9
412 1112 10
412 1334 3
412 826 3
412 1296 7
413 522 10
413 805 7
413 1119 3
413 533 9
413 777 5
413 1197 9
413 1153 9
413 603 7
413 1057 7
413 1180 10
413 953 2
414 811 4
414 1374 5
414 614 3
414 798 2
415 666 10
415 1189 7
415 1079 10
415 588 10
415 574 10
415 427 7
416 527 7
416 694 8
416 1280 5
416 1385 4
416 903 3
416 935 7
416 599 3
416 1020 10
417 1118 1
417 716 10
417 909 1
417 495 9
417 981 7
418 1271 7
418 1015 4
418 1155 2
418 1330 5
418 1387 6
419 1287 5
419 681 2
419 526 7
419 448 5
420 544 8
420 705 6
420 878 7
420 1055 2
420 1166 2
420 1039 3
420 640 6
420 1025 3
420 563 10
420 572 2
420 1144 9
420 577 4
420 844 6
421 1319 9
421 816 7
421 1384 9
421 785 10
421 1051 9
421 670 7
421 855 7
421 1096 8
421 711 6
422 1382 6
422 805 7
422 826 3
422 944 1
422 739 6
423 1322 9
423 917 8
423 440 9
423 1198 1
423 1308 4
423 1056 1
423 1111 2
423 633 2
423 806 3
423 552 1
423 685 3
423 942 7
423 902 10
423 974 2
423 1359 8
424 461 2
424 465 1
424 1225 6
424 1286 5
424 537 9
424 1204 5
424 1324 4
424 1279 2
424 714 6
425 982 6
425 1365 5
425 764 2
425 524 10
425 436 2
425 813 8
425 592 9
426 1373 9
426 1315 9
426 1223 10
426 1355 4
426 431 5
426 1021 5
426 578 6
427 487 3
427 587 4
427 605 8
427 1025 1
427 592 9
427 689 8
427 797 3
427 929 2
427 494 9
427 621 7
427 825 7
428 719 5
428 1107 6
428 904 3
428 455 10
428 1239 7
428 964 7
428 903 9
428 1331 10
428 1187 5
428 861 8
428 683 9
428 1345 3
429 1049 7
429 1185 3
429 874 2
429 632 10
429 736 1
429 1046 9
429 431 5
429 1131 8
429 1042 5
429 1061 8
429 868 5
429 678 1
430 459 3
430 725 1
430 735 4
430 764 1
430 1222 2
430 977 2
431 516 5
431 1350 7
431 635 9
431 451 10
432 854 8
432 1006 10
432 689 10
432 1236 10
432 1062 7
432 1087 7
432 638 9
432 898 10
432 1183 4
433 753 4
433 1182 1
433 944 8
433 832 1
433 1369 5
433 819 9
433 1024 9
433 649 6
433 447 10
434 440 10
434 994 2
434 807 7
434 1003 4
434 862 9
434 987 7
434 1115 8
434 1067 5
434 877 7
434 1185 1
434 1069 5
435 688 7
435 746 1
435 771 9
435 1113 10
435 880 8
435 744 4
435 713 9
435 1192 8
435 644 5
435 1078 5
435 1156 7
435 874 7
435 1023 2
436 490 2
436 687 10
436 957 4
436 1380 10
436 670 4
436 925 10
436 1004 3
436 1090 5
436 680 5
436 809 4
436 986 5
437 677 6
437 826 2
437 489 10
437 1204 4
437 864 2
437 1357 2
438 943 2
438 775 9
438 1154 6
439 525 6
439 832 2
439 1337 8
440 496 3
440 995 9
440 821 5
440 682 4
440 528 1
440 752 10
440 765 8
440 1276 9
441 636 7
441 1189 1
441 508 6
441 924 8
441 1005 2
441 744 6
441 1166 2
441 546 9
441 660 4
441 1216 4
442 1088 1
442 622 6
442 1056 4
442 1377 4
442 917 6
442 676 6
442 503 3
442 995 8
443 556 9
443 596 10
443 720 2
443 508 6
444 599 3
444 849 10
444 931 3
444 482 7
444 907 5
444 732 6
444 1170 2
444 675 1
444 864 2
445 460 7
445 655 1
445 771 3
445 1196 2
445 1299 9
445 906 5
445 873 9
445 1287 5
446 586 6
446 1040 9
446 1176 3
446 838 8
446 482 4
446 854 1
446 797 4
446 1301 8
446 571 6
446 663 9
446 913 7
447 872 4
447 1066 9
447 1232 7
447 779 7
447 1195 8
447 1236 2
447 1143 5
447 635 1
447 1373 7
448 477 9
448 658 10
448 1146 3
448 780 2
448 1010 7
448 964 4
448 1270 7
448 588 1
448 644 6
448 1082 3
448 1040 4
448 714 10
448 846 2
449 500 4
449 668 4
449 1374 2
449 995 5
449 1236 4
449 809 8
450 901 3
450 1137 2
450 819 7
450 829 3
450 638 10
450 473 2
450 1054 5
450 1284 5
450 1062 3
450 1381 7
450 1318 1
450 917 9
451 507 8
451 851 10
451 814 10
451 1375 3
451 1210 3
451 519 3
451 775 7
451 1026 4
452 1382 6
452 1161 3
452 527 10
452 535 5
452 1096 9
452 700 8
452 1223 2
452 927 3
452 615 8
452 691 10
453 480 9
453 1386 4
453 609 8
453 585 4
453 1190 2
453 1326 10
453 740 3
453 833 9
453 1003 10
453 533 2
453 512 3
454 521 6
454 564 2
454 759 1
454 1327 5
454 574 4
454 613 9
454 924 8
454 662 1
454 460 9
454 619 7
454 882 10
455 977 1
455 1255 8
455 1265 9
456 589 8
456 461 3
456 1124 6
456 723 10
456 508 6
456 668 1
456 968 10
457 551 6
457 561 8
457 463 10
457 1337 8
457 1315 6
457 756 10
457 487 8
457 822 5
457 494 1
457 537 7
457 867 5
457 577 8
457 496 7
458 503 2
458 529 7
458 717 9
458 935 4
458 1230 9
458 1184 7
458 1010 9
458 1318 1
458 965 8
458 498 3
458 1284 6
458 1134 9
458 1243 6
459 800 6
459 1378 7
459 1259 4
459 1367 7
459 1228 4
459 1324 7
459 1306 4
459 486 3
459 1049 3
459 846 8
460 1247 2
460 644 8
460 1175 6
460 682 7
460 1376 5
460 510 4
461 502 9
461 1156 9
461 995 8
461 638 3
461 596 3
461 495 2
461 743 8
461 1286 8
461 1388 9
462 495 9
462 793 10
462 1389 3
462 1049 10
462 999 8
462 1342 4
462 1096 6
462 1330 5
462 1041 10
462 1127 1
462 1373 7
462 1069 5
463 859 7
463 1375 9
463 616 6
463 1285 8
463 1138 6
463 1186 8
463 866 10
464 570 3
464 604 9
464 589 2
464 822 6
464 529 2
464 653 2
464 674 2
464 471 3
464 789 2
464 551 3
464 1301 1
464 1239 5
464 920 9
465 702 7
465 510 10
465 1178 8
465 1002 3
465 594 2
465 792 4
465 587 7
465 1108 9
465 742 3
465 592 7
465 1249 1
466 987 1
466 481 1
466 888 10
466 1353 5
466 1356 4
466 1251 7
466 1144 4
466 1173 4
466 746 9
466 769 3
466 957 3
467 961 6
467 527 1
467 609 7
467 565 1
467 1303 10
469 599 2
469 723 10
469 856 3
469 889 6
469 1261 3
469 618 6
469 1221 10
469 1174 8
469 536 9
470 1143 1
470 815 4
470 664 8
470 1309 4
470 658 7
471 1086 7
471 1370 7
471 947 6
471 510 6
471 754 7
472 481 8
472 673 7
473 515 1
473 1359 3
473 554 4
473 1111 7
473 564 7
473 1030 6
474 523 1
474 1201 8
474 1086 3
474 543 9
474 598 3
474 992 4
474 888 7
475 610 5
475 746 4
475 1249 2
475 1274 4
476 962 4
476 600 10
476 1062 10
476 1015 9
476 1165 5
476 803 3
476 1345 4
476 1255 2
476 1270 4
476 1347 7
477 836 4
477 912 4
477 854 10
477 1291 10
477 950 4
477 728 7
478 548 1
478 909 6
478 914 3
478 1213 3
478 732 4
478 1192 8
478 609 10
478 1199 9
478 1119 9
478 1157 9
479 1344 10
479 1272 7
479 1321 9
479 1186 6
479 993 3
479 606 4
479 1210 4
479 984 7
480 526 3
480 676 7
480 1029 6
480 1023 10
480 947 5
480 660 10
480 580 4
480 850 5
480 883 3
481 569 5
481 874 3
481 999 4
481 912 1
481 1209 2
481 1074 8
481 670 7
481 954 7
481 582 5
481 951 4
481 523 8
482 668 8
482 1338 4
482 786 9
482 498 7
482 1291 2
483 951 5
483 1255 4
483 962 8
483 1347 4
483 1097 2
484 1140 7
484 1020 6
484 724 1
484 1305 9
485 635 1
485 1006 3
485 1230 9
485 1292 6
485 1300 5
485 1245 5
485 1373 2
485 1035 9
486 1004 7
486 692 8
486 920 6
486 649 7
486 971 9
486 754 6
486 1391 6
487 1045 7
487 1358 3
487 1279 8
487 752 1
487 1093 8
487 727 8
487 738 9
487 1371 3
487 1140 5
487 1191 1
487 1040 7
488 629 8
488 1121 8
488 1191 9
488 1180 2
488 1294 2
488 1046 1
488 1298 6
488 706 4
489 1018 1
489 1066 6
490 558 10
490 1048 1
490 618 8
490 1238 1
490 692 8
490 915 10
491 1181 1
491 624 8
491 1098 7
491 1326 3
491 666 8
491 1190 6
491 841 7
491 1386 7
491 1243 3
491 1056 7
491 697 4
491 730 1
491 1159 4
492 1319 1
492 1272 2
492 1286 3
492 867 8
492 1350 4
492 533 5
492 742 3
493 1060 10
493 1114 9
493 661 6
494 947 10
494 991 5
494 1196 6
494 1097 2
494 879 10
494 1183 8
494 726 4
494 571 7
494 1276 9
495 986 3
495 949 4
495 976 8
495 1117 8
495 1294 4
495 909 8
496 1028 10
496 1308 9
496 1050 3
497 1122 2
497 1318 3
497 1314 1
497 1066 5
497 892 4
497 649 1
497 1296 10
497 969 1
497 840 9
498 574 8
498 606 5
498 1097 1
498 1372 1
498 524 9
498 989 7
498 1088 8
499 1335 4
499 1028 3
499 778 5
499 922 9
499 575 5
499 725 4
499 1171 1
499 700 1
499 952 1
499 1085 4
500 993 6
500 933 3
500 934 1
500 660 3
500 1044 10
500 772 6
500 1166 10
500 548 2
500 1302 1
500 1131 2
500 721 1
500 1213 10
500 1246 2
500 503 2
501 583 2
501 1257 1
501 1228 6
501 792 2
501 1275 5
501 826 5
501 1141 5
502 1104 10
502 690 9
502 914 5
502 585 8
503 520 3
503 619 1
503 1064 9
503 739 9
503 868 8
503 1240 5
504 743 7
504 1372 1
504 1175 1
504 1005 7
505 1007 8
505 1100 7
505 896 8
505 1297 5
505 709 2
505 1234 6
505 1310 7
506 746 1
506 648 9
506 608 8
506 966 6
506 1042 4
507 603 9
507 612 6
507 1369 10
507 1203 3
507 852 10
507 993 8
507 1143 7
507 605 4
508 776 3
508 883 9
508 595 8
508 871 4
508 792 3
508 1373 10
508 1326 6
508 761 9
509 1164 9
509 1193 2
509 1365 1
509 1291 7
509 627 5
509 930 10
509 518 6
509 866 6
509 1268 10
510 1292 8
510 993 1
510 827 9
510 1295 9
511 562 3
511 719 5
511 1256 5
511 781 6
511 1363 4
511 1358 2
511 1238 5
511 550 1
511 890 8
511 1224 9
511 1015 9
511 1250 6
511 1175 6
511 1242 6
512 1283 10
512 1272 2
512 628 4
512 1205 6
512 1157 6
512 986 5
512 742 2
512 1223 4
512 1141 1
512 603 5
512 847 7
513 639 6
513 960 9
513 1188 10
513 1251 5
513 611 7
513 662 6
513 679 9
513 1117 2
514 1387 1
514 1083 8
514 1176 8
514 1340 1
514 566 10
514 1121 9
514 1038 8
514 890 5
515 1178 7
515 1101 3
515 1284 7
515 1272 2
515 1045 1
515 1037 1
515 545 6
515 1363 7
516 1214 3
516 728 2
516 1060 1
516 1177 7
516 639 8
516 537 1
516 558 4
516 1139 9
516 1390 4
516 1108 10
517 580 7
517 1390 4
517 1298 6
517 1295 2
518 816 2
518 1271 6
518 1254 5
518 1103 3
518 1223 2
518 964 9
518 738 2
518 1311 9
519 1150 1
519 1274 9
519 926 1
519 1296 8
519 910 3
519 532 4
519 556 6
519 979 4
520 1142 6
520 1154 7
520 786 9
520 1168 1
521 686 6
521 976 2
521 724 5
521 1009 1
521 578 10
521 790 8
521 676 6
521 970 3
521 1246 4
522 535 5
522 1215 5
522 539 8
522 962 2
522 636 6
522 706 8
523 701 5
523 1175 5
523 628 7
523 1363 1
523 924 5
523 1212 10
523 699 3
523 1296 3
523 891 2
523 1239 9
523 711 5
524 660 8
524 772 3
524 1063 7
524 1179 2
524 1097 3
524 1226 9
524 1197 10
524 993 7
524 575 10
524 962 8
524 1012 6
524 633 1
525 1357 6
525 1252 8
525 763 5
525 954 3
525 1035 7
525 1135 5
525 1053 1
525 945 8
526 948 9
526 1097 4
526 1043 1
526 854 1
526 1159 7
526 930 10
527 886 7
527 1119 2
527 1212 6
527 715 3
527 682 8
527 840 6
527 1268 3
527 783 7
528 1042 6
528 1345 7
528 1238 8
528 713 2
529 1141 4
529 541 2
529 1171 3
529 610 4
530 1175 7
530 1122 10
530 577 7
530 1041 10
530 788 10
530 990 7
530 1107 3
530 1017 6
530 1012 8
530 591 2
531 710 9
531 1319 8
531 734 5
531 1316 2
532 1063 7
532 578 5
532 1162 6
532 547 8
532 1272 5
532 648 1
532 1265 3
532 1155 2
532 1019 4
532 768 9
533 561 2
533 865 8
533 563 5
533 1199 10
533 738 1
533 670 5
533 843 6
533 1088 10
533 627 6
533 1294 5
534 584 1
534 1262 10
534 1073 5
534 583 7
534 844 4
534 633 10
534 867 2
534 954 6
534 1295 2
534 934 4
534 560 10
534 568 6
534 1057 9
535 912 6
535 812 9
535 1061 6
535 1315 5
535 981 10
536 1329 8
536 747 8
536 1302 10
536 1000 7
536 959 10
536 575 8
536 1288 8
536 1273 9
537 847 3
537 1116 9
537 769 1
537 1117 2
537 1098 10
537 983 8
537 935 7
537 1191 7
538 661 9
538 849 5
538 1317 2
538 1282 10
538 1024 3
538 903 9
538 979 4
538 986 6
538 1038 3
538 1213 10
538 1004 1
538 743 8
538 1392 6
539 665 5
539 1372 3
539 826 9
539 969 3
539 1195 7
539 692 4
539 1115 1
540 870 9
540 1255 4
540 623 5
540 890 9
540 655 5
540 602 6
541 822 8
541 945 10
541 792 3
541 623 5
541 874 4
541 1030 7
541 1317 6
541 1000 2
541 1300 3
541 1386 6
542 737 8
542 1306 6
542 586 7
542 1050 5
542 597 4
542 776 1
543 754 3
543 1071 9
543 1153 1
543 1266 3
543 828 7
543 1336 8
543 1123 8
543 1261 10
543 796 5
543 1040 1
544 550 9
544 620 3
544 1210 4
544 1038 6
544 999 5
544 1179 7
545 1377 2
545 749 1
545 559 10
545 567 1
545 1386 6
545 907 7
545 953 7
545 960 10
546 1092 1
546 897 4
546 904 10
546 1027 2
546 1039 5
546 906 7
546 612 1
546 1241 2
546 1354 6
546 1388 1
547 1285 7
547 568 3
547 1069 6
547 1273 4
547 1371 3
547 1143 7
547 989 4
547 895 3
548 575 3
548 1364 8
548 1042 5
548 1377 10
548 804 7
548 664 7
548 958 4
549 1238 2
549 1119 5
549 559 8
549 662 5
549 687 3
549 569 10
549 1329 3
550 782 4
550 673 1
550 1265 2
550 1194 9
550 637 8
550 1132 4
551 811 9
551 830 7
551 1143 5
551 594 4
551 796 3
551 1124 9
551 1323 8
551 1077 1
551 726 6
551 736 6
551 1159 7
551 1256 9
552 576 9
552 646 2
552 1115 8
552 1185 6
552 693 10
552 1266 5
553 1225 2
553 1119 6
553 1390 9
553 731 1
553 1107 5
553 1028 9
553 883 7
554 1087 1
554 1353 9
554 1384 2
554 820 10
554 1035 1
554 648 6
554 1289 4
554 1060 5
554 1377 6
554 942 10
554 977 1
555 1082 1
555 749 3
555 1241 10
555 953 7
555 1234 6
555 616 9
555 862 9
555 946 4
555 1083 3
555 559 9
555 773 3
556 1143 3
556 639 1
556 845 7
556 1270 3
556 1382 2
556 894 1
556 1247 3
557 937 1
557 1317 5
557 596 5
557 1057 9
557 1215 1
557 703 1
558 824 8
558 584 5
558 772 7
558 1099 6
558 563 5
558 790 10
559 1370 7
559 1273 5
559 1177 5
559 878 5
559 715 9
560 1160 6
560 648 3
560 1211 7
560 565 5
560 721 9
561 1154 9
561 1012 10
561 1327 5
561 932 5
562 961 5
562 800 2
563 927 5
563 953 1
563 977 1
563 683 7
563 1024 8
563 1234 3
563 910 3
563 1241 1
563 1100 10
563 1051 5
564 803 2
564 1138 7
564 946 1
564 1240 7
564 1353 3
564 935 4
565 1369 3
565 1227 2
565 716 3
565 1173 9
565 1273 2
566 790 7
566 948 6
566 917 4
566 1346 3
566 592 5
566 628 5
566 1158 5
567 578 3
567 632 9
567 618 5
567 1138 9
568 749 6
568 1091 1
568 1032 2
569 1070 7
569 825 4
569 1289 4
569 1193 10
569 814 8
569 1377 2
569 862 3
569 724 3
569 875 2
569 951 5
569 831 10
570 1088 4
570 1229 7
570 1382 2
570 841 2
571 981 8
571 825 4
571 660 4
571 961 9
571 829 4
572 1094 10
572 1323 7
572 1224 7
572 941 2
572 876 1
572 1366 9
573 879 7
573 1094 3
573 713 4
573 744 7
573 1318 8
573 835 4
573 732 10
573 866 1
573 1265 3
573 605 5
573 1135 1
574 695 8
574 581 5
574 867 1
574 793 4
574 1232 2
574 1366 6
575 900 9
575 1017 4
575 1219 3
575 1002 4
575 804 2
575 992 5
576 768 8
576 877 1
576 1227 7
576 1198 7
576 859 2
576 852 5
576 1180 1
576 812 5
576 951 9
576 1261 6
577 618 3
577 644 9
577 1076 10
577 1359 10
577 1011 3
577 791 10
577 789 6
577 705 7
577 1184 6
577 1024 6
577 1232 2
578 700 3
578 1316 5
578 1294 5
578 606 5
578 649 6
578 603 1
578 1003 3
578 781 8
578 655 8
578 1356 9
579 1205 4
579 1327 6
579 768 4
579 739 5
580 1265 5
580 1278 10
580 1022 2
580 613 8
580 914 3
580 1276 4
580 610 8
580 1147 4
580 769 9
580 597 8
580 779 7
581 1093 3
581 1109 3
581 934 2
581 1246 2
581 1029 3
581 833 6
581 1340 7
581 897 5
581 859 4
581 766 6
581 1196 8
581 1111 2
581 1241 3
581 950 3
581 1142 5
581 1293 9
582 1056 1
582 1153 6
582 918 2
582 864 4
582 1022 4
582 861 7
582 633 4
582 747 3
583 789 3
583 991 1
583 1226 5
583 613 10
583 716 2
583 1261 4
583 1218 1
584 764 9
584 1039 5
584 1066 5
584 669 6
585 893 3
585 1209 9
585 875 3
585 1087 10
585 816 7
585 1028 10
585 1239 9
585 1018 4
585 803 7
585 1176 1
586 769 3
586 670 4
586 1221 3
586 1003 7
586 880 10
586 1141 7
586 951 4
586 1193 4
586 1288 5
587 1111 3
587 937 6
587 739 5
587 696 1
587 1136 8
587 832 8
588 662 8
588 1008 1
588 1035 3
588 902 3
588 992 3
588 624 4
588 841 6
588 1349 3
588 1051 9
588 713 5
588 615 10
589 833 2
589 729 1
589 724 9
589 1079 8
589 594 4
589 1006 3
590 640 2
590 1294 8
590 703 3
590 763 3
590 1036 7
590 1237 7
590 755 8
590 611 5
591 802 6
591 1180 10
591 927 3
591 1004 10
591 616 3
591 858 10
591 1332 9
591 1335 7
592 736 4
592 676 10
592 1177 9
592 1347 1
592 669 2
592 1063 7
592 871 6
593 1157 9
593 643 6
593 647 8
593 1156 2
593 673 7
593 1120 6
593 665 2
593 695 9
593 1365 8
593 1353 10
594 1023 8
594 1321 1
594 650 10
594 1039 5
594 605 9
594 1272 5
594 960 8
595 691 3
595 1187 2
595 1118 3
595 1122 6
595 1098 5
595 1158 5
595 1072 2
596 934 4
596 1046 8
596 1134 5
596 893 2
596 897 7
596 1314 2
596 1223 7
596 1227 4
597 666 9
597 968 2
597 1155 2
597 607 4
597 619 2
597 636 1
597 1120 6
597 775 8
597 1298 5
597 1179 1
598 1043 2
598 995 5
598 908 10
598 1097 6
598 879 9
598 889 4
598 1131 9
599 608 3
599 675 10
599 971 4
599 1060 4
599 812 3
599 838 6
599 1075 2
599 967 10
599 1214 1
600 1210 6
600 1302 9
600 1083 3
601 1375 7
601 1099 8
601 949 3
601 703 2
601 1303 1
601 1081 1
602 664 8
602 891 8
602 605 5
602 1351 5
602 1222 7
603 663 2
603 721 7
603 750 3
603 794 3
603 1182 8
603 1150 7
603 943 1
603 1106 6
603 1380 6
603 756 5
603 1141 6
604 834 2
604 1300 6
604 1307 8
604 711 10
605 1041 3
605 995 2
605 1100 8
606 938 6
606 927 9
606 1345 7
606 1382 7
606 1338 9
606 1076 4
606 878 7
607 711 8
607 1232 10
607 1361 4
607 948 10
607 720 1
607 855 5
607 752 2
607 622 10
608 951 8
608 759 6
608 882 7
608 1243 9
609 739 4
609 1185 5
609 892 10
610 890 1
610 897 10
610 861 2
610 987 8
610 1304 2
611 639 1
611 1074 6
611 917 8
611 1317 9
611 780 10
611 770 7
611 1088 10
612 820 5
612 1013 3
612 614 3
612 1314 6
612 1104 7
612 1246 8
612 706 9
612 1358 8
612 742 1
612 1060 2
613 760 10
613 683 10
613 1366 7
613 1124 7
613 1162 10
613 1008 2
614 752 8
614 779 5
614 965 1
614 932 7
614 1216 5
614 1030 9
614 1378 6
615 1170 2
615 794 1
615 1193 1
615 631 1
615 881 7
615 1048 7
615 1101 2
615 625 1
615 842 1
615 1107 6
616 1148 10
616 754 7
616 698 10
616 714 4
616 836 8
616 855 9
616 801 2
616 1297 1
616 705 5
616 1070 8
616 910 6
617 1112 1
617 1333 8
617 803 1
617 644 10
617 1030 9
618 731 2
618 976 2
618 1194 5
618 1275 7
618 738 5
618 620 6
618 671 5
618 939 2
618 1078 10
618 1189 3
619 674 5
619 1172 10
619 1281 4
619 760 1
619 964 3
619 942 4
619 1072 9
619 1294 3
620 1113 7
620 1348 10
620 1344 9
620 714 8
620 783 2
620 1237 3
621 739 4
621 1385 8
621 1388 1
621 1343 8
621 1174 5
621 1363 1
621 1350 7
621 1007 9
621 1050 7
622 887 3
622 1128 4
622 969 1
622 1112 8
623 765 8
623 1283 8
623 696 1
623 1215 10
623 1253 7
623 1041 8
623 1118 4
624 1007 4
624 1375 9
624 1180 2
624 1162 10
624 772 7
625 1194 1
625 1370 10
625 1383 10
625 1354 4
626 1276 4
626 1244 9
626 844 10
626 746 3
627 1316 3
627 647 7
627 1302 3
627 1156 5
627 644 8
628 634 1
628 643 5
628 1063 5
628 1295 8
628 665 7
628 1301 8
628 1194 5
628 1363 7
629 1334 9
629 642 2
629 1074 5
629 920 4
629 714 4
629 675 2
630 771 3
630 837 8
630 1309 5
630 1029 8
630 1128 9
630 982 8
631 1107 8
631 1165 5
631 1318 1
631 1271 6
631 634 7
631 1223 2
632 641 8
632 758 3
632 887 3
632 708 5
632 919 10
632 802 3
633 1333 2
633 773 8
634 963 9
634 1098 8
634 926 6
634 1255 9
634 875 3
634 830 5
634 826 3
635 865 6
635 1217 9
635 1031 6
635 1266 6
635 773 5
635 1045 4
635 709 1
636 1158 4
636 1357 7
636 1154 10
636 1051 10
636 914 2
636 755 3
636 1209 8
637 1254 9
637 972 2
637 1316 3
637 947 4
637 906 4
638 839 2
638 1363 4
638 1051 4
638 1017 2
638 746 5
639 799 8
639 854 7
639 1260 1
639 971 3
639 932 8
640 1323 1
640 1147 1
640 1388 7
640 993 2
640 1079 1
640 872 10
641 1145 6
641 1247 6
641 1305 1
641 949 5
642 797 8
642 788 2
642 1372 4
642 806 5
642 974 1
643 1253 9
643 1055 2
643 836 1
643 1058 5
643 1228 7
643 1260 5
643 1231 2
643 1161 8
644 1344 5
644 1108 9
645 930 2
645 1091 6
645 987 4
645 1287 8
645 681 10
645 1015 6
645 904 10
645 1232 10
646 777 10
646 979 7
646 840 7
646 912 3
646 1309 3
646 659 10
646 841 1
646 927 7
647 828 9
647 1379 1
647 1278 3
647 836 6
647 985 7
647 731 4
647 1172 6
647 929 4
648 1012 4
648 1357 6
648 815 6
648 1129 4
648 1051 8
648 1150 2
648 1299 1
649 1317 1
649 880 7
649 967 4
649 1336 5
649 948 1
650 1028 2
650 1355 4
650 986 9
650 1251 7
650 895 3
650 1015 4
651 940 8
651 787 10
651 1059 5
651 689 9
651 1193 1
652 1297 8
652 760 1
652 923 7
652 653 6
652 1184 7
652 1014 9
653 1022 2
653 1038 7
653 942 4
653 1338 6
653 1376 7
653 1283 7
653 1351 8
653 1107 7
654 1066 6
654 1000 2
654 803 9
655 780 1
655 1052 8
655 1386 5
655 805 7
655 786 5
656 743 7
656 1080 5
656 1126 5
656 948 6
656 1028 10
657 928 2
657 903 9
658 1097 4
658 1037 4
658 1213 6
658 1342 9
658 1237 3
658 796 8
658 926 4
658 1257 3
659 1095 3
659 887 5
659 959 9
660 1364 2
660 1388 7
660 810 6
660 1169 9
660 1172 10
660 932 3
660 737 5
660 762 6
661 775 8
661 1244 3
661 1120 6
661 1060 8
661 1168 9
661 930 8
661 1093 8
661 678 6
662 796 5
662 969 9
662 1283 7
663 885 6
663 1134 1
663 858 8
664 724 5
664 1297 4
664 1147 7
664 865 10
664 890 8
664 948 8
665 809 9
665 860 8
665 1176 10
665 971 1
665 1245 9
665 1363 2
665 1391 1
665 1291 5
665 1179 3
665 915 5
665 1156 2
666 670 3
666 801 6
666 679 4
667 725 2
668 906 10
668 923 2
668 1391 1
668 1182 4
668 961 5
668 791 5
669 1330 4
669 1308 1
669 1171 9
669 1118 7
669 723 2
669 1230 7
669 1386 2
669 1075 10
670 1343 8
670 1276 8
670 998 6
670 1195 4
670 692 2
670 885 1
670 1193 4
671 1176 2
671 700 10
671 1047 8
671 675 4
671 1242 2
671 811 7
671 764 3
671 1316 6
671 1039 10
671 911 5
671 953 10
671 743 2
671 847 10
671 701 8
672 880 3
672 1356 5
672 890 1
672 801 9
672 1035 1
672 1247 9
672 849 3
672 1379 8
672 741 6
673 1123 1
673 1110 1
673 1012 8
674 1021 2
674 1019 8
674 1162 4
674 1073 9
674 1317 4
675 1128 5
675 1159 3
675 684 10
675 1008 7
675 691 8
676 1259 3
676 953 2
677 988 10
677 1184 3
677 1269 7
677 1137 1
677 1127 5
677 752 8
677 856 4
677 784 2
677 1370 9
677 747 7
678 991 8
678 956 2
678 746 10
678 1077 3
678 961 3
678 1067 10
678 949 9
679 1052 8
679 824 2
679 1296 1
679 795 9
679 942 7
679 814 3
680 730 8
680 798 9
680 1352 7
680 1017 8
681 899 7
681 867 1
681 718 1
681 1073 9
681 837 10
682 859 1
682 865 5
682 1257 10
682 880 2
682 1315 10
683 757 1
683 864 4
683 1068 5
683 782 5
683 810 1
683 1181 6
683 798 7
683 974 3
683 867 7
683 724 5
683 1343 9
683 1042 5
684 723 10
684 1038 5
684 685 6
684 883 10
684 1282 7
684 1046 6
684 1299 6
685 698 8
685 1208 4
685 1077 5
685 1169 3
685 996 8
685 1129 8
686 778 5
686 1134 6
686 862 7
686 1283 9
686 1375 10
686 1268 6
687 761 10
687 1245 5
687 1279 4
688 695 1
688 931 7
688 812 9
688 794 4
689 1197 7
689 1227 3
689 1111 4
689 752 2
689 855 3
689 1073 8
689 698 5
689 1248 7
689 951 10
690 945 10
690 1116 10
690 739 2
690 1040 8
690 907 6
690 1129 1
691 1186 3
691 1349 2
691 1204 6
691 1202 8
691 1025 10
691 1017 7
692 1319 10
692 874 9
692 1029 8
692 1340 2
692 1387 8
692 829 7
692 746 8
693 794 1
693 1302 5
693 971 7
693 1106 5
693 920 4
693 1382 8
694 1106 7
694 734 3
694 849 1
694 1015 6
694 761 6
694 720 10
694 846 1
694 1022 5
694 803 2
695 1171 7
695 1373 3
695 1110 1
695 1160 7
695 1348 7
695 875 5
695 1102 6
695 1193 8
696 799 3
696 1324 6
696 754 5
696 733 6
697 832 3
697 728 7
697 959 3
697 1138 5
697 1036 8
698 1009 3
698 763 5
698 1214 3
698 1268 2
699 1270 2
699 1345 6
699 753 8
699 1093 5
699 1357 3
699 1143 6
699 1134 9
700 1219 6
700 1288 5
700 1078 7
701 924 3
701 1375 9
701 740 7
701 849 7
701 1110 2
701 795 8
701 1336 6
702 935 7
702 1123 1
702 1190 5
702 845 10
702 902 5
702 737 7
703 1313 3
703 1323 3
703 708 10
703 900 4
703 893 3
703 870 10
703 1014 5
704 708 5
704 756 1
704 1089 3
704 907 8
704 705 4
704 1088 6
704 1080 5
704 854 8
704 813 2
705 1018 2
705 1273 6
705 1014 9
705 869 7
706 844 2
706 951 8
706 884 5
707 958 3
707 788 2
707 937 2
707 1067 7
707 1049 5
707 1077 7
708 1361 6
708 883 7
708 1148 8
708 985 9
708 994 8
708 1250 3
709 897 10
709 1144 7
709 1280 3
709 1044 2
709 1219 5
709 1063 9
709 1014 9
710 1105 6
710 1192 7
710 1310 5
710 836 7
710 1333 3
710 893 10
711 937 1
711 1000 8
711 770 7
711 951 7
711 815 6
711 958 1
712 755 8
712 769 7
712 1271 5
713 1050 2
713 786 5
713 1302 2
713 1100 6
713 1281 10
714 808 4
714 866 2
714 777 7
714 1328 2
714 1262 3
714 1124 2
714 761 7
715 1147 3
715 752 2
715 1331 10
715 1004 5
715 1257 6
715 832 6
715 1180 8
715 1384 5
715 1266 9
715 916 4
716 812 2
716 1275 2
716 1052 10
716 771 4
716 1217 1
716 1066 3
717 1084 5
717 1362 6
717 787 3
717 738 4
717 802 3
718 892 2
718 1097 5
718 820 10
719 1252 7
719 1215 3
719 720 3
719 849 2
719 828 10
719 814 10
720 1082 4
720 1223 4
720 940 5
720 850 5
722 838 9
722 863 6
722 1010 9
722 1153 5
722 956 3
722 1379 1
722 867 6
723 728 6
723 1034 1
723 985 9
723 1162 4
723 754 4
723 1073 4
723 821 9
723 1380 1
723 798 1
724 1235 2
724 1292 6
724 1103 7
725 865 6
725 1230 8
725 999 10
725 1077 9
725 1238 8
726 1238 7
726 1038 1
726 1062 2
726 1260 2
726 1212 1
726 1221 3
726 1002 3
726 786 3
727 1037 7
727 1219 5
727 1182 2
727 1337 4
727 1358 9
728 1290 3
728 1302 2
728 1273 6
728 898 4
728 1143 7
728 990 9
729 1067 1
729 1110 5
729 1308 9
729 803 1
729 952 1
729 1326 1
729 739 5
729 1174 10
729 1133 5
730 955 9
730 871 5
730 1317 10
730 790 1
731 810 7
731 1085 9
731 1175 9
731 1063 3
731 760 7
731 1359 5
731 1306 10
731 1177 7
731 1390 1
731 1333 6
731 1046 9
731 833 6
732 1240 2
732 1128 1
732 752 10
733 771 2
733 735 2
734 755 1
734 1188 4
734 1148 7
734 785 4
735 1386 1
735 783 3
735 1195 2
735 1313 6
735 1033 1
736 745 8
736 996 8
736 1176 9
736 846 2
736 1305 10
736 749 7
736 1355 8
736 1391 2
736 776 2
737 1113 7
737 1257 4
737 795 1
737 1301 5
737 1066 4
737 1266 1
737 1225 5
738 1286 8
738 1240 10
738 926 10
738 955 8
738 748 9
738 743 3
739 1222 4
739 924 9
739 1003 9
739 1180 6
739 1164 4
739 1070 6
739 813 4
739 1212 1
739 1110 9
739 1143 1
739 857 8
740 1044 8
740 1142 4
740 1026 5
740 969 8
741 1151 10
741 994 2
741 975 10
741 1234 7
741 820 8
741 807 7
741 910 5
742 784 1
742 875 8
742 890 10
743 933 8
743 1042 1
743 1094 5
743 851 3
743 1356 10
743 934 1
743 745 7
743 910 10
744 1294 4
744 909 8
744 952 10
744 1009 6
744 915 7
744 1344 6
745 894 4
745 1303 6
745 1352 1
745 1144 1
745 1297 6
745 1250 2
745 1302 3
746 1091 3
746 831 7
746 1010 3
746 1030 6
746 1202 5
747 853 7
747 1322 7
747 1327 1
747 755 1
747 1296 8
747 1320 4
747 951 6
747 973 2
748 1335 1
748 1074 3
748 1197 1
748 1128 10
748 1056 7
748 1353 8
749 890 10
749 1127 9
749 1293 8
749 1312 6
750 1090 8
750 1141 1
750 1270 10
750 1098 1
750 1230 6
751 806 3
751 1173 8
751 1354 8
752 891 10
752 1068 3
752 945 8
752 1072 2
753 1346 9
753 1299 9
753 1360 9
753 1374 1
753 1121 10
753 849 1
753 946 7
754 990 6
754 1066 3
754 1033 9
754 1332 10
754 1018 1
754 1352 7
755 911 7
755 1193 2
755 883 3
755 960 7
755 1152 7
756 1389 10
756 1196 9
756 1263 5
756 917 2
756 790 3
756 1334 6
756 792 9
757 769 10
757 1206 1
757 1313 7
757 1005 1
757 914 3
757 1001 6
758 778 6
758 936 2
758 1266 8
758 1239 4
758 822 3
758 1044 1
758 1304 1
758 1159 5
758 1043 5
758 982 9
759 861 10
759 822 10
760 1283 8
760 1341 6
760 1178 6
760 801 10
761 1175 5
761 793 3
761 797 3
761 1204 8
761 1297 9
761 1002 8
761 1278 5
761 1359 8
762 1305 6
762 878 7
762 910 2
762 900 7
762 884 9
762 1355 7
762 848 6
763 1180 4
763 1297 10
763 908 3
763 988 8
763 1392 8
763 1264 3
764 1255 6
764 1190 9
764 1242 9
764 1096 2
764 937 3
764 967 2
764 1252 7
764 864 2
764 1317 5
764 940 2
765 1125 9
765 793 2
765 1120 8
765 1202 7
765 1019 6
765 826 4
765 1282 10
766 1381 6
766 1156 4
766 1007 3
766 874 6
766 970 6
766 1215 2
767 822 6
767 833 6
767 981 3
767 994 9
768 889 5
768 1129 3
768 1357 1
768 1291 10
768 1161 6
768 1012 8
769 915 2
769 1216 2
769 887 5
769 794 1
769 803 4
769 1017 6
770 1258 6
770 1000 3
770 1255 2
770 773 5
770 841 10
770 1344 2
771 1374 7
771 967 5
771 986 8
772 1313 7
772 1270 1
772 1236 9
773 1174 10
773 1013 8
773 778 9
773 1046 2
773 917 7
773 1332 7
773 1348 6
774 790 10
774 840 7
774 1238 6
774 1184 5
774 1295 6
774 988 8
775 1236 8
775 1291 10
775 1371 1
775 1232 7
775 1147 1
775 943 6
775 1055 8
776 1086 4
776 1135 1
776 1091 9
776 1390 8
776 1061 1
777 902 8
778 1140 5
778 853 3
778 1238 4
778 1118 8
778 1030 1
778 781 10
779 1296 5
779 1354 6
779 836 6
779 981 1
779 1318 6
780 1106 8
780 1189 9
780 1082 9
780 966 9
780 1248 10
780 1025 8
780 1091 6
780 986 7
780 1219 6
780 829 6
780 1167 5
781 1316 3
781 894 2
781 940 5
781 1061 5
781 1391 10
781 1350 2
781 1124 8
781 794 9
781 1029 7
781 1336 1
781 1080 9
782 1002 6
782 959 3
782 1321 9
783 946 3
783 1028 6
783 1104 5
783 1152 7
784 925 3
784 1369 1
784 1348 3
784 1286 10
785 1334 7
785 1366 10
785 1299 3
785 815 7
786 986 4
787 825 4
787 1239 8
787 1333 4
787 1187 2
787 832 1
787 1080 8
787 1094 1
787 933 4
788 964 5
788 1230 8
788 896 2
788 1015 8
788 1237 9
789 1017 10
789 1141 10
789 1128 8
789 1048 6
789 914 1
789 1134 3
790 1180 3
791 1231 1
791 1015 8
791 804 4
791 1191 9
791 895 6
791 1072 1
792 1145 10
792 1052 8
792 1280 10
792 842 4
792 1085 8
792 1373 9
792 1015 6
793 1374 10
793 973 4
794 804 9
794 1340 3
794 1368 1
795 967 9
795 1369 1
795 1148 4
795 1354 3
795 897 10
796 1262 6
796 815 5
796 850 5
796 1084 8
796 1147 6
797 1277 9
797 958 2
797 1307 6
797 1011 5
798 1193 7
798 1269 9
798 987 8
798 1226 8
798 1031 6
798 855 2
799 1138 7
799 1340 10
799 865 9
799 1195 6
800 835 10
800 838 6
800 1102 6
801 894 3
801 1084 3
801 1390 6
801 1319 3
802 1195 2
802 895 3
802 921 5
802 1016 9
802 1242 7
803 951 10
803 1141 1
803 831 10
803 1059 8
803 1304 6
804 884 4
804 887 4
804 916 10
804 816 9
804 889 4
804 1257 8
805 823 6
805 1239 9
805 1081 5
805 933 7
806 998 4
806 1202 2
806 1220 9
806 867 3
806 1361 6
807 1087 7
807 1386 2
807 1272 10
807 942 9
807 948 5
807 851 10
808 983 3
808 1259 5
808 1237 2
808 1338 2
808 901 5
808 960 1
808 1129 10
808 931 5
808 1339 10
808 1352 3
809 882 5
809 1379 6
810 1004 5
810 1286 3
810 1285 10
811 973 8
811 1111 1
811 1098 8
811 1351 8
812 1144 2
812 985 7
812 1325 2
812 1204 3
812 975 1
812 1240 4
813 923 9
813 1116 6
813 1025 2
813 901 7
813 975 1
813 1308 10
813 1037 8
814 986 10
814 1128 4
814 1376 9
814 1319 5
814 886 1
815 863 1
815 827 6
815 969 7
815 1295 8
815 1307 7
815 1121 3
815 1120 10
816 874 3
816 1258 3
816 939 10
816 851 9
816 1294 8
816 1264 3
816 903 9
817 953 8
817 1097 8
817 983 2
817 1180 4
817 1375 3
818 1261 5
818 1077 4
818 840 8
818 1188 5
819 1209 1
819 1213 5
819 1311 7
819 1381 8
819 956 8
820 1233 2
820 1352 10
820 1140 2
821 1149 9
821 1168 5
821 1135 10
821 1366 10
821 1002 2
821 1172 10
821 873 3
821 1222 10
821 1166 10
821 1339 10
821 1354 2
822 1321 8
822 906 9
822 824 6
822 1382 4
822 924 5
822 1346 8
823 1136 5
823 859 1
824 1342 6
824 1085 10
824 969 4
824 1268 4
825 1152 10
825 1352 5
825 1020 5
825 1311 7
826 1316 5
826 1260 1
827 1108 5
827 1320 6
827 1190 9
827 1252 2
828 840 2
828 1327 4
828 1229 5
829 1137 9
829 1182 1
830 927 6
830 1344 9
831 919 6
831 1233 1
831 1236 5
831 1367 2
832 879 3
832 1270 2
833 944 10
833 1148 1
833 1236 10
834 887 2
834 1220 9
835 1390 3
835 1237 1
835 1381 1
835 1147 5
835 1050 5
835 1033 4
835 1298 3
836 845 10
836 876 9
836 1081 3
836 1154 5
836 1114 1
836 851 3
836 1130 6
837 1231 6
837 1147 4
838 1228 9
838 1093 10
838 1096 7
838 1132 5
838 1090 7
839 999 4
839 853 6
839 1010 1
840 1268 6
840 880 6
841 1265 7
841 1214 1
841 1024 3
842 1152 3
842 936 3
842 1268 3
842 1045 5
843 1040 6
843 1132 2
844 1050 7
844 911 10
844 1064 5
844 1218 10
844 1096 6
844 1036 2
844 1138 10
844 1202 9
844 927 4
845 957 9
845 1265 1
845 1032 1
846 960 2
846 1374 3
846 925 10
846 1390 6
846 1132 6
846 1117 6
846 1092 8
847 1116 1
847 1052 1
847 1006 2
847 1129 8
847 901 3
847 1024 1
847 1109 7
848 1347 6
848 1327 10
848 1004 4
849 869 10
849 1182 7
850 1327 2
850 973 8
850 851 7
850 1383 7
851 1046 7
851 1225 2
851 1171 3
851 1026 4
852 1022 5
852 889 2
852 1091 3
852 1286 10
852 1356 3
852 1069 9
853 1220 10
853 1339 9
854 1151 10
854 1165 5
854 867 1
854 1337 7
854 880 9
855 1019 10
855 966 8
855 1026 7
855 883 4
856 1233 7
856 977 5
856 985 10
856 1286 7
856 1201 10
857 866 4
857 1232 7
857 984 3
858 1345 9
858 972 1
858 1078 7
859 1272 1
859 1237 8
859 1151 6
860 1155 1
860 1194 5
860 1180 7
860 947 8
860 970 8
861 954 10
861 1271 7
861 1092 6
862 1280 4
862 981 2
862 1151 1
862 1033 2
862 1256 6
862 1348 6
863 905 5
863 912 8
863 1034 1
863 1318 6
863 942 10
864 921 7
864 1054 8
864 1083 1
864 1103 8
865 1133 1
865 1051 1
865 1282 6
866 923 6
866 1260 4
866 1224 10
867 1070 9
867 1036 8
867 1335 2
868 1026 10
868 1080 4
868 1157 5
869 1319 1
869 1158 4
869 949 10
869 1139 2
869 1080 8
870 1384 7
870 1109 7
870 1325 4
871 1014 1
871 1390 3
871 1066 9
871 1276 8
871 1121 3
871 1338 9
871 1305 10
871 1134 6
872 1303 4
872 1008 1
872 1120 9
872 1115 9
872 1213 4
873 1237 4
873 1115 1
874 1130 10
874 1304 6
874 1226 3
874 1272 3
875 1051 4
875 1079 4
875 884 10
875 1201 3
875 1342 5
875 1109 5
876 1088 8
876 1322 9
876 964 8
876 887 9
876 1282 1
876 1291 8
876 969 5
877 1345 9
877 969 5
878 904 4
878 1251 3
878 1390 7
879 918 3
879 1063 3
879 1214 4
880 941 6
880 931 8
880 1047 9
880 1283 3
881 1031 1
881 1120 9
881 919 2
882 970 4
882 1316 10
882 1072 1
882 990 4
882 899 10
883 1151 5
883 1283 3
884 1325 5
884 1215 4
884 1373 6
884 1285 8
884 1277 4
884 1314 2
884 969 6
885 1097 10
885 1243 5
886 906 9
886 1270 10
886 1012 3
887 1345 9
887 1140 8
887 999 8
887 927 9
887 1075 3
887 1258 9
888 1054 1
888 920 8
888 1011 7
889 980 3
889 1260 7
889 984 7
889 1193 3
890 1229 6
891 1253 3
891 1189 4
891 1094 2
891 1081 3
891 1119 5
892 1067 9
893 931 8
893 1301 7
893 1105 2
893 1381 8
893 1058 1
894 1345 8
894 1144 5
894 1117 10
894 1308 4
894 966 6
894 1126 6
894 1004 4
894 1260 5
895 1048 3
896 966 1
896 1070 9
896 911 2
896 1371 1
896 1190 7
897 1039 2
897 991 3
897 1320 10
897 1134 7
898 978 7
898 1351 1
898 1273 8
899 1113 2
899 953 10
899 1180 10
899 1223 5
899 1323 7
899 1102 1
900 985 7
900 1301 6
900 1273 3
900 1361 5
900 1278 4
900 1206 6
901 1109 4
901 1041 10
901 980 4
901 1067 8
902 1022 7
902 928 7
903 1384 2
903 916 10
904 1279 1
904 943 6
904 1139 8
904 1298 5
904 1210 2
905 958 2
905 921 4
905 1203 6
906 912 9
906 933 7
907 1009 10
907 1034 3
907 1177 1
907 1178 10
907 1061 10
907 1132 5
908 975 10
908 1333 5
908 928 7
908 1362 4
908 1267 9
908 1321 2
909 1313 7
909 1352 6
910 1105 1
910 1196 6
910 1117 1
911 1140 4
911 1016 5
911 990 6
911 1338 10
911 1284 1
912 1165 6
912 1213 9
912 1090 8
912 1293 3
912 1160 6
912 1218 4
912 1302 5
913 1250 10
913 1365 4
913 1214 10
914 1229 2
914 1054 6
914 925 4
914 1059 6
914 1246 4
915 1039 3
915 1143 1
916 1066 7
916 928 6
917 1156 2
917 1337 4
917 1034 5
918 1169 5
918 1261 4
919 1151 2
919 1205 9
919 1120 5
919 994 5
921 1057 10
921 1089 5
921 1050 7
921 1123 4
921 995 3
921 1102 8
921 1125 5
922 1160 7
922 1138 8
922 1351 7
922 1045 7
923 1096 4
923 1332 9
924 1377 5
924 1216 6
924 1235 6
925 1180 6
925 1095 4
925 1150 7
926 1080 1
926 1038 10
926 1367 8
926 1307 9
926 1141 3
926 1152 10
926 1380 2
927 1314 5
927 1367 9
927 1167 5
927 1001 10
929 1119 9
929 1159 6
930 1367 1
930 1163 9
930 1130 6
930 1295 8
930 1079 3
931 998 8
932 1260 8
932 1132 10
932 1318 8
932 1198 1
933 954 5
933 1119 3
933 1355 5
933 1198 1
933 996 6
933 1324 10
933 960 1
933 1292 7
933 1055 8
934 1070 10
934 1206 10
935 972 4
935 990 5
935 987 8
935 1250 10
936 1125 3
936 1128 7
936 1264 7
936 975 10
936 981 9
937 1098 9
937 975 4
937 1002 9
937 1293 4
938 948 3
938 1192 9
938 1307 7
939 989 4
939 1114 10
939 1280 1
940 1216 2
940 1267 1
940 1047 5
940 1208 4
940 1270 3
941 952 6
941 1195 7
941 1060 5
941 1232 5
941 980 2
942 1287 4
942 1069 8
942 1212 2
942 1120 9
943 992 10
943 1016 5
943 1221 2
943 1236 1
943 1302 6
943 1194 2
943 1148 5
943 991 1
943 961 10
944 972 8
944 1351 6
944 1240 5
945 1040 9
945 973 3
945 1016 2
945 1197 6
945 1026 5
945 1190 3
945 1006 3
946 1315 1
946 1344 2
946 998 8
947 1372 1
947 1351 6
947 1217 2
948 959 7
948 1377 7
948 1134 4
948 1090 3
948 1231 5
948 1020 3
948 1242 8
948 1075 8
949 965 10
950 1169 1
950 952 3
950 1073 1
950 1307 8
951 1013 6
951 1338 1
951 1161 10
952 1074 9
953 1087 6
953 1116 10
954 1011 10
954 1092 8
954 1315 6
954 1159 8
954 1367 9
955 1027 1
956 1081 6
956 972 3
957 1136 7
957 1203 4
957 1177 4
957 1011 10
957 1052 5
957 1259 4
957 1282 10
958 1222 3
959 1315 10
959 1310 8
960 1095 8
960 1130 5
961 1287 3
961 1045 1
961 1210 7
962 987 10
962 1238 10
963 1029 4
963 1018 7
964 991 9
965 1041 6
965 1279 7
965 1258 10
965 1085 5
965 1139 3
966 1237 10
966 1101 4
967 1298 10
967 1094 10
968 1197 9
968 1275 4
968 1134 2
969 998 2
969 1328 10
969 1012 2
969 1299 9
969 1337 8
970 1341 10
970 1099 5
970 1220 3
971 1176 3
971 1054 1
971 1010 8
971 1070 4
972 1362 1
972 981 8
972 1074 1
972 1291 5
973 1332 1
973 1027 8
974 979 6
974 1032 1
974 1212 4
974 1217 1
974 1351 6
974 1159 8
975 1259 7
975 1294 10
975 1137 4
975 1061 9
975 1089 3
975 1000 8
975 1013 9
975 1385 7
975 1312 4
976 1160 2
976 1325 9
976 1218 10
976 1178 5
976 1333 10
977 1369 5
977 981 9
977 1103 4
977 1281 3
978 1042 3
978 1167 8
978 1143 1
978 1077 4
979 1163 4
979 1197 8
979 1210 8
979 1261 10
981 1180 2
982 1313 8
982 1141 6
982 1302 6
982 990 7
983 1304 5
984 1037 9
984 1349 4
985 1285 3
985 1208 7
986 1088 6
986 1302 10
986 1146 6
986 1025 2
986 1286 9
987 1083 10
987 1385 1
987 1366 2
989 1024 5
989 1199 8
989 1355 10
989 1316 2
989 1263 6
989 1081 9
989 1365 6
990 1164 3
990 1319 5
991 1033 10
991 1107 7
992 1205 10
992 1141 2
992 1250 8
992 1184 8
993 1290 4
994 997 8
994 1039 9
995 1259 9
995 1186 1
995 1184 1
995 1014 3
995 1135 3
997 1188 5
997 1150 8
998 1212 3
998 1238 9
998 1128 4
998 1090 7
998 1350 5
998 1332 9
998 1047 5
999 1176 8
1000 1002 10
1000 1088 9
1000 1064 7
1001 1125 4
1001 1088 10
1002 1071 5
1002 1133 7
1002 1038 5
1002 1305 1
1002 1101 1
1003 1072 6
1003 1059 1
1004 1093 9
1004 1280 3
1005 1321 1
1005 1084 7
1005 1252 2
1005 1144 8
1005 1008 9
1007 1254 9
1007 1240 8
1007 1131 8
1008 1350 6
1008 1113 7
1008 1278 7
1009 1289 9
1009 1318 1
1009 1147 1
1009 1156 10
1009 1229 8
1010 1041 7
1010 1208 2
1011 1078 1
1011 1159 7
1011 1304 6
1011 1057 6
1012 1079 2
1013 1042 3
1013 1358 7
1014 1115 2
1014 1039 10
1014 1229 2
1015 1347 10
1015 1251 5
1015 1065 5
1015 1187 6
1016 1276 7
1016 1158 4
1017 1103 10
1017 1162 9
1017 1147 1
1017 1264 6
1018 1297 7
1018 1132 9
1018 1048 7
1018 1212 2
1019 1113 5
1019 1090 3
1019 1203 3
1019 1292 7
1019 1114 2
1019 1165 5
1020 1150 9
1021 1268 5
1021 1174 5
1022 1059 1
1022 1298 9
1022 1251 10
1023 1064 7
1023 1164 5
1023 1208 10
1023 1185 4
1023 1083 1
1023 1366 7
1023 1224 9
1023 1115 6
1024 1386 5
1024 1131 3
1024 1199 5
1025 1126 8
1025 1240 1
1025 1049 3
1025 1253 8
1025 1362 7
1025 1286 9
1026 1120 2
1026 1148 8
1026 1062 3
1026 1272 9
1026 1195 2
1027 1099 5
1027 1246 4
1028 1058 4
1028 1119 5
1028 1061 9
1028 1246 5
1028 1042 10
1028 1226 2
1028 1358 10
1029 1136 7
1030 1241 7
1030 1223 7
1030 1325 8
1031 1387 8
1031 1148 5
1031 1087 7
1031 1272 9
1031 1100 1
1031 1166 5
1031 1340 2
1032 1326 6
1032 1363 9
1032 1116 9
1032 1356 3
1032 1389 1
1032 1070 2
1033 1290 1
1033 1126 1
1034 1350 5
1035 1095 7
1035 1191 8
1036 1218 1
1038 1054 1
1039 1172 7
1039 1355 4
1039 1196 7
1040 1187 8
1040 1325 4
1041 1328 10
1041 1097 10
1041 1208 7
1041 1158 7
1041 1045 6
1041 1114 4
1042 1060 5
1042 1150 6
1042 1261 2
1043 1352 4
1043 1193 1
1043 1360 5
1044 1126 5
1044 1138 3
1045 1261 8
1045 1220 10
1045 1259 8
1046 1366 10
1047 1081 7
1048 1296 5
1048 1213 10
1048 1307 6
1049 1326 9
1049 1102 4
1050 1108 3
1050 1198 1
1051 1170 8
1051 1092 3
1051 1295 6
1051 1189 7
1051 1309 9
1051 1376 5
1052 1111 7
1052 1354 2
1052 1359 7
1052 1054 7
1053 1237 2
1053 1168 8
1053 1274 9
1053 1187 5
1054 1334 5
1054 1085 7
1054 1384 5
1055 1328 6
1056 1301 9
1056 1236 3
1056 1289 10
1057 1058 2
1058 1341 2
1058 1211 8
1058 1273 2
1058 1171 9
1058 1115 4
1059 1232 9
1059 1319 8
1060 1089 2
1060 1304 7
1060 1374 10
1060 1334 8
1060 1290 6
1061 1149 1
1061 1313 10
1061 1306 5
1061 1121 1
1062 1317 3
1062 1099 4
1062 1108 3
1063 1088 1
1063 1322 6
1063 1120 8
1064 1289 9
1064 1385 1
1064 1335 10
1065 1068 1
1065 1260 5
1066 1284 9
1066 1170 4
1066 1099 3
1067 1324 7
1067 1268 10
1067 1388 9
1067 1214 8
1068 1320 8
1068 1314 3
1068 1117 2
1069 1327 8
1070 1107 2
1070 1201 7
1071 1092 8
1071 1291 9
1071 1072 6
1071 1135 10
1072 1333 7
1073 1305 6
1073 1382 9
1074 1309 8
1074 1220 1
1075 1256 4
1075 1132 4
1075 1152 5
1076 1105 2
1076 1282 3
1076 1309 10
1077 1368 1
1077 1318 7
1077 1275 8
1078 1369 1
1078 1104 10
1079 1332 7
1079 1186 8
1079 1156 2
1079 1267 6
1080 1386 2
1080 1201 8
1080 1117 2
1081 1172 6
1081 1242 5
1081 1223 6
1081 1228 5
1082 1139 7
1083 1239 2
1083 1323 6
1084 1198 5
1085 1383 10
1085 1364 1
1086 1385 9
1086 1177 5
1086 1282 4
1086 1271 3
1087 1175 6
1087 1268 3
1087 1230 4
1088 1228 4
1088 1331 10
1089 1382 1
1090 1135 4
1090 1156 10
1091 1216 8
1091 1248 8
1091 1299 6
1091 1375 4
1093 1345 10
1093 1218 8
1095 1179 4
1095 1098 8
1095 1242 5
1095 1318 8
1096 1326 9
1096 1159 10
1096 1388 9
1096 1114 1
1098 1293 3
1098 1234 7
1099 1232 5
1099 1253 1
1100 1276 9
1101 1136 6
1102 1260 10
1103 1146 8
1103 1178 6
1103 1328 1
1104 1169 1
1104 1356 2
1104 1121 6
1105 1320 3
1106 1240 8
1106 1223 3
1106 1115 7
1106 1130 7
1107 1210 5
1107 1177 5
1108 1237 8
1108 1326 8
1109 1326 7
1109 1347 6
1110 1235 1
1110 1376 5
1110 1112 5
1110 1306 6
1111 1156 6
1111 1220 5
1112 1118 2
1113 1132 9
1113 1219 2
1114 1382 9
1114 1345 2
1115 1330 3
1115 1186 4
1115 1242 6
1116 1293 1
1116 1252 3
1116 1182 3
1116 1301 4
1117 1383 6
1118 1186 2
1118 1199 2
1118 1181 10
1118 1200 1
1119 1129 2
1119 1235 6
1119 1382 3
1120 1205 1
1121 1242 8
1123 1147 7
1123 1190 3
1123 1175 4
1124 1347 1
1124 1380 3
1124 1203 9
1124 1267 5
1124 1392 10
1124 1330 5
1125 1325 7
1127 1182 2
1127 1334 9
1127 1231 7
1127 1329 7
1128 1258 2
1128 1282 3
1129 1298 7
1129 1230 2
1130 1301 5
1131 1301 2
1131 1382 8
1131 1279 2
1132 1173 2
1132 1164 3
1133 1354 1
1134 1225 6
1135 1169 8
1135 1361 8
1136 1322 6
1136 1138 1
1136 1379 5
1136 1215 8
1136 1341 10
1136 1308 9
1137 1363 5
1137 1333 5
1138 1263 5
1138 1384 10
1139 1214 6
1139 1375 3
1140 1320 10
1140 1259 3
1140 1380 7
1141 1221 7
1141 1354 8
1142 1307 4
1143 1281 3
1144 1175 5
1144 1253 7
1145 1166 6
1145 1169 8
1145 1174 9
1146 1174 1
1146 1308 9
1146 1255 8
1146 1305 2
1146 1213 5
1147 1391 9
1147 1343 9
1147 1310 1
1147 1381 2
1148 1201 2
1149 1168 7
1149 1356 4
1149 1289 5
1150 1210 1
1150 1295 10
1151 1289 9
1151 1300 7
1152 1202 2
1152 1231 8
1153 1308 1
1153 1171 5
1155 1342 1
1155 1249 7
1155 1344 9
1155 1340 6
1155 1378 10
1156 1247 3
1156 1160 3
1157 1331 2
1158 1272 9
1158 1285 10
1158 1185 10
1159 1368 3
1159 1191 10
1159 1315 7
1159 1361 8
1160 1358 8
1160 1381 5
1160 1206 7
1161 1272 1
1161 1298 9
1161 1176 5
1162 1207 8
1162 1279 4
1162 1214 5
1163 1326 3
1163 1301 8
1163 1230 4
1163 1321 9
1164 1239 2
1164 1228 2
1165 1234 5
1165 1282 4
1167 1218 9
1167 1294 7
1167 1309 2
1168 1252 1
1169 1174 6
1170 1345 7
1172 1261 3
1172 1362 7
1173 1206 1
1174 1221 8
1174 1290 5
1176 1271 3
1176 1327 9
1176 1341 5
1176 1322 7
1176 1225 6
1177 1335 7
1177 1194 8
1177 1249 10
1178 1301 1
1178 1222 3
1179 1375 4
1179 1316 4
1180 1317 7
1180 1209 7
1182 1271 5
1183 1278 1
1185 1262 8
1185 1350 7
1186 1327 6
1186 1249 2
1187 1231 2
1187 1326 1
1188 1278 9
1188 1194 1
1188 1329 1
1188 1204 7
1188 1320 8
1188 1362 5
1189 1269 6
1190 1232 2
1190 1284 1
1191 1358 5
1193 1211 10
1193 1362 3
1194 1352 8
1195 1313 2
1195 1344 2
1196 1210 5
1198 1377 6
1198 1247 3
1199 1201 9
1200 1301 3
1201 1325 8
1201 1324 9
1203 1379 2
1203 1303 9
1203 1250 8
1203 1338 8
1203 1375 8
1204 1245 3
1204 1389 5
1204 1361 1
1205 1307 6
1206 1364 2
1207 1252 4
1208 1223 1
1209 1340 9
1209 1262 5
1210 1228 5
1210 1340 3
1210 1324 7
1211 1329 1
1211 1226 4
1212 1215 3
1213 1284 6
1213 1254 5
1214 1243 5
1216 1340 3
1217 1296 2
1217 1391 10
1217 1350 10
1218 1294 1
1219 1279 7
1221 1369 5
1221 1392 5
1222 1247 1
1222 1271 8
1223 1228 7
1223 1278 8
1224 1382 5
1225 1392 2
1228 1354 3
1228 1281 6
1229 1248 1
1229 1276 3
1230 1271 10
1231 1288 10
1231 1250 10
1231 1388 10
1232 1309 10
1232 1328 8
1233 1263 10
1233 1333 5
1234 1308 9
1234 1273 1
1235 1324 7
1236 1261 2
1237 1365 3
1238 1330 3
1238 1278 1
1238 1261 5
1239 1258 7
1244 1391 6
1244 1297 1
1246 1276 4
1246 1335 3
1248 1280 8
1250 1262 1
1250 1337 7
1250 1306 8
1251 1300 9
1252 1383 8
1254 1389 7
1254 1266 3
1255 1262 3
1256 1288 5
1257 1357 1
1258 1380 1
1258 1262 1
1259 1282 5
1259 1333 9
1259 1382 5
1260 1327 7
1260 1307 1
1261 1312 6
1261 1371 8
1262 1368 10
1265 1308 1
1267 1296 3
1267 1308 8
1268 1298 4
1269 1281 7
1269 1273 7
1269 1329 10
1270 1372 5
1270 1322 9
1271 1367 7
1273 1381 9
1274 1330 3
1275 1361 7
1275 1381 6
1276 1295 5
1278 1354 1
1279 1349 4
1279 1353 5
1279 1338 6
1279 1321 6
1280 1381 2
1280 1304 3
1280 1349 5
1281 1309 9
1281 1317 5
1281 1330 7
1282 1356 5
1283 1388 1
1283 1346 4
1284 1367 6
1284 1389 7
1285 1372 1
1286 1318 9
1288 1351 5
1288 1384 8
1291 1358 6
1293 1390 10
1293 1346 7
1293 1348 10
1294 1335 6
1295 1296 5
1296 1373 10
1298 1316 3
1298 1377 9
1302 1348 10
1303 1333 7
1307 1340 10
1307 1389 9
1308 1355 9
1309 1355 10
1310 1348 5
1312 1335 1
1312 1341 5
1315 1329 7
1318 1347 2
1323 1371 8
1325 1348 1
1327 1390 2
1327 1367 5
1327 1334 7
1332 1374 1
1338 1350 3
1339 1368 3
1340 1341 4
1342 1384 4
1350 1366 9
1351 1364 8
1352 1370 2
1352 1391 4
1352 1358 2
1353 1374 2
1355 1356 9
1356 1382 7
1361 1392 1
1362 1374 9
1364 1377 1
1371 1374 5
1380 1387 7
1382 1392 8
1384 1391 8
